iter		Latency
1		12.37
2		14.94
3		16.29
4		10.74
5		2.36
6		13.77
7		21.85
8		2.15
9		2.26
10		5.68
11		5.42
12		27.05
13		21.22
14		13.09
15		6.95
16		11.29
17		12.74
18		9.25
19		14.25
20		5.28
21		4.30
22		3.28
23		4.56
24		5.66
25		7.46
26		9.39
27		3.64
28		2.41
29		36.78
30		12.28
31		5.22
32		8.86
33		18.52
34		22.59
35		17.97
36		13.42
37		5.79
38		7.90
39		9.33
40		14.63
41		9.88
42		47.79
43		20.43
44		17.05
45		3.07
46		2.81
47		5.86
48		9.54
49		2.40
50		20.84
51		3.44
52		2.62
53		2.61
54		37.46
55		13.61
56		3.49
57		16.34
58		24.93
59		13.27
60		9.72
61		44.07
62		15.09
63		14.45
64		4.03
65		33.07
66		14.28
67		3.16
68		36.30
69		6.62
70		2.53
71		13.78
72		12.02
73		10.23
74		11.49
75		20.57
76		8.60
77		18.86
78		2.16
79		2.92
80		4.73
81		9.67
82		5.85
83		2.85
84		3.05
85		2.73
86		40.05
87		4.35
88		3.28
89		3.29
90		9.20
91		21.16
92		3.34
93		7.24
94		17.07
95		3.20
96		7.26
97		21.53
98		12.67
99		31.50
100		9.45
101		2.84
102		10.16
103		8.01
104		8.65
105		8.27
106		6.67
107		12.60
108		22.19
109		3.30
110		7.80
111		17.42
112		12.45
113		13.68
114		5.07
115		17.10
116		26.99
117		19.44
118		6.03
119		15.61
120		2.93
121		11.17
122		22.55
123		11.27
124		3.29
125		2.77
126		30.64
127		14.59
128		29.67
129		3.13
130		13.30
131		3.89
132		9.16
133		2.82
134		19.11
135		30.47
136		2.54
137		15.23
138		7.65
139		9.81
140		3.04
141		10.33
142		17.23
143		9.84
144		2.80
145		83.27
146		11.03
147		23.71
148		54.10
149		36.90
150		10.32
151		3.74
152		2.37
153		3.25
154		5.92
155		11.68
156		2.94
157		22.88
158		7.19
159		3.29
160		6.89
161		8.21
162		2.74
163		17.81
164		13.54
165		2.58
166		8.64
167		19.91
168		5.17
169		29.47
170		5.34
171		5.53
172		5.64
173		21.99
174		26.28
175		9.99
176		10.59
177		24.42
178		8.91
179		11.17
180		3.40
181		28.91
182		14.20
183		18.73
184		7.44
185		16.85
186		3.02
187		29.57
188		3.53
189		6.61
190		21.39
191		33.83
192		4.40
193		9.79
194		28.99
195		14.81
196		2.88
197		14.67
198		3.00
199		19.81
200		7.64
201		33.23
202		22.16
203		10.04
204		3.07
205		3.45
206		12.25
207		13.92
208		29.07
209		8.03
210		11.88
211		1.70
212		3.28
213		6.87
214		14.92
215		4.73
216		39.11
217		2.99
218		10.59
219		5.82
220		18.63
221		6.92
222		18.82
223		3.09
224		2.62
225		18.44
226		19.92
227		14.05
228		32.66
229		28.38
230		5.80
231		16.99
232		10.91
233		31.00
234		3.19
235		8.92
236		3.22
237		6.40
238		3.25
239		8.41
240		35.82
241		3.16
242		2.81
243		8.73
244		14.73
245		5.83
246		13.88
247		5.65
248		57.88
249		4.12
250		2.49
251		9.73
252		7.03
253		8.95
254		49.52
255		19.16
256		17.45
257		2.89
258		12.50
259		11.74
260		21.06
261		5.13
262		29.76
263		25.46
264		2.79
265		7.02
266		4.53
267		7.43
268		10.72
269		10.51
270		5.81
271		5.07
272		53.77
273		3.25
274		9.38
275		26.20
276		65.50
277		6.51
278		12.61
279		15.20
280		9.53
281		2.82
282		8.60
283		2.93
284		2.45
285		10.44
286		7.59
287		2.71
288		12.54
289		31.73
290		7.44
291		2.71
292		24.36
293		2.72
294		22.18
295		18.19
296		6.71
297		6.09
298		16.53
299		4.10
300		3.07
301		2.84
302		10.62
303		2.10
304		1.99
305		9.59
306		5.04
307		10.34
308		5.93
309		12.75
310		8.31
311		4.37
312		36.11
313		2.19
314		2.74
315		16.33
316		4.22
317		2.86
318		3.82
319		14.50
320		6.13
321		2.19
322		8.53
323		14.09
324		4.05
325		3.71
326		12.62
327		3.13
328		13.24
329		13.20
330		10.43
331		14.85
332		4.00
333		12.92
334		6.44
335		11.44
336		3.88
337		10.48
338		10.86
339		24.39
340		5.37
341		3.22
342		5.77
343		12.55
344		2.57
345		3.20
346		5.64
347		2.66
348		1.70
349		2.49
350		8.52
351		3.11
352		3.70
353		9.69
354		3.48
355		2.00
356		1.86
357		4.86
358		29.36
359		14.23
360		19.08
361		8.80
362		6.89
363		13.87
364		2.92
365		4.78
366		1.79
367		12.89
368		22.40
369		13.89
370		5.51
371		19.77
372		3.28
373		2.98
374		3.38
375		10.24
376		40.87
377		2.61
378		13.73
379		8.57
380		9.95
381		9.72
382		2.37
383		23.99
384		2.01
385		11.34
386		6.13
387		6.33
388		18.64
389		9.87
390		7.87
391		11.14
392		6.68
393		9.02
394		24.92
395		2.83
396		25.26
397		42.52
398		3.12
399		2.30
400		10.07
401		11.23
402		8.97
403		15.49
404		9.35
405		3.69
406		8.34
407		17.00
408		39.42
409		3.53
410		12.81
411		10.00
412		9.01
413		14.67
414		16.32
415		5.38
416		12.33
417		2.80
418		2.59
419		2.72
420		19.64
421		6.17
422		8.50
423		9.79
424		3.25
425		8.34
426		18.11
427		3.15
428		24.31
429		2.18
430		19.16
431		3.46
432		12.83
433		20.42
434		6.22
435		1.97
436		7.75
437		3.16
438		4.98
439		5.53
440		14.91
441		8.85
442		26.26
443		6.45
444		9.19
445		6.01
446		6.71
447		34.28
448		26.21
449		13.20
450		4.46
451		6.88
452		11.03
453		8.27
454		12.06
455		8.41
456		2.18
457		20.24
458		22.07
459		1.61
460		9.18
461		2.78
462		5.42
463		2.63
464		15.14
465		17.57
466		5.95
467		3.93
468		10.33
469		17.57
470		9.66
471		20.53
472		13.90
473		26.24
474		31.06
475		6.11
476		32.99
477		6.79
478		5.98
479		3.47
480		10.00
481		11.80
482		7.80
483		13.31
484		6.62
485		2.20
486		11.06
487		1.50
488		7.23
489		28.33
490		3.01
491		14.49
492		2.81
493		13.59
494		4.75
495		3.24
496		21.77
497		6.30
498		37.54
499		17.69
500		2.15
501		2.16
502		2.32
503		26.56
504		5.24
505		3.96
506		3.82
507		3.21
508		25.11
509		13.91
510		10.80
511		10.47
512		64.27
513		5.64
514		2.78
515		2.10
516		8.15
517		6.93
518		5.75
519		25.83
520		13.94
521		7.11
522		6.55
523		10.55
524		7.08
525		2.64
526		12.05
527		8.23
528		8.53
529		14.92
530		9.26
531		5.60
532		11.27
533		9.56
534		10.32
535		11.69
536		12.54
537		10.52
538		3.07
539		6.47
540		1.89
541		4.22
542		53.08
543		2.84
544		2.31
545		11.42
546		4.99
547		48.66
548		16.43
549		9.74
550		7.02
551		5.73
552		2.08
553		8.01
554		27.28
555		13.68
556		30.28
557		3.49
558		3.16
559		17.66
560		4.51
561		9.94
562		19.19
563		8.33
564		5.83
565		26.97
566		18.46
567		3.32
568		1.15
569		2.41
570		36.85
571		1.95
572		8.25
573		2.50
574		24.13
575		7.18
576		3.03
577		14.33
578		36.16
579		13.38
580		20.84
581		13.53
582		3.12
583		5.61
584		2.54
585		2.02
586		3.56
587		2.29
588		2.77
589		13.35
590		15.90
591		2.84
592		4.70
593		23.09
594		17.08
595		10.00
596		17.74
597		24.05
598		12.34
599		13.24
600		1.71
601		2.48
602		12.30
603		13.05
604		2.64
605		2.52
606		3.51
607		13.58
608		10.68
609		5.72
610		6.17
611		9.65
612		8.05
613		10.42
614		15.95
615		11.81
616		13.47
617		19.14
618		2.84
619		11.14
620		14.09
621		6.44
622		11.63
623		16.93
624		8.91
625		3.75
626		2.12
627		3.38
628		24.09
629		3.21
630		8.23
631		2.29
632		2.90
633		2.45
634		6.83
635		2.62
636		14.46
637		8.73
638		18.73
639		8.91
640		32.14
641		31.76
642		8.21
643		11.47
644		2.95
645		2.08
646		8.90
647		34.41
648		4.76
649		11.46
650		4.61
651		6.45
652		5.26
653		8.04
654		3.07
655		3.21
656		2.64
657		24.88
658		2.94
659		8.00
660		3.88
661		2.74
662		2.39
663		14.23
664		12.02
665		21.38
666		5.69
667		6.54
668		2.14
669		2.07
670		7.26
671		9.19
672		2.94
673		6.81
674		2.81
675		3.43
676		1.68
677		19.01
678		2.92
679		2.59
680		5.55
681		18.25
682		1.80
683		1.79
684		13.39
685		31.92
686		2.68
687		3.14
688		12.94
689		8.95
690		8.08
691		1.44
692		15.23
693		14.30
694		12.52
695		5.92
696		24.10
697		3.91
698		8.63
699		10.99
700		6.57
701		3.18
702		3.18
703		6.46
704		22.93
705		8.79
706		5.46
707		10.72
708		14.01
709		1.38
710		6.19
711		17.98
712		3.56
713		5.60
714		5.26
715		2.21
716		15.52
717		11.88
718		2.83
719		4.11
720		4.41
721		5.62
722		20.75
723		4.61
724		10.34
725		8.11
726		2.56
727		2.80
728		4.59
729		20.53
730		11.25
731		4.03
732		1.71
733		11.56
734		13.73
735		2.37
736		2.18
737		4.68
738		44.37
739		4.58
740		2.73
741		7.22
742		4.02
743		7.22
744		3.16
745		7.17
746		5.10
747		8.02
748		14.00
749		2.75
750		10.26
751		3.78
752		2.78
753		14.53
754		8.53
755		16.20
756		16.39
757		25.15
758		6.58
759		3.73
760		13.50
761		2.44
762		1.60
763		2.51
764		2.41
765		17.22
766		3.47
767		4.73
768		6.10
769		6.90
770		5.05
771		2.85
772		2.80
773		10.77
774		12.56
775		5.61
776		2.50
777		8.00
778		2.60
779		2.63
780		17.17
781		2.96
782		8.27
783		12.97
784		6.28
785		5.73
786		2.63
787		19.94
788		5.41
789		12.18
790		6.55
791		2.70
792		6.20
793		24.48
794		5.23
795		2.56
796		2.61
797		14.55
798		6.11
799		5.32
800		2.88
801		5.54
802		5.55
803		17.11
804		14.76
805		10.68
806		2.68
807		5.87
808		2.46
809		3.37
810		16.03
811		2.74
812		29.89
813		4.89
814		19.35
815		9.98
816		2.94
817		28.41
818		20.16
819		17.04
820		4.06
821		16.08
822		5.74
823		9.91
824		15.95
825		19.65
826		5.99
827		2.87
828		4.56
829		3.04
830		3.01
831		37.95
832		5.51
833		23.26
834		12.92
835		3.31
836		2.53
837		4.27
838		1.79
839		2.46
840		9.12
841		13.64
842		14.88
843		2.56
844		2.28
845		3.43
846		2.47
847		2.13
848		14.10
849		2.77
850		19.59
851		2.88
852		4.49
853		2.17
854		1.86
855		10.21
856		2.50
857		1.97
858		12.62
859		2.50
860		8.05
861		2.14
862		2.34
863		11.87
864		12.85
865		21.97
866		12.87
867		7.28
868		1.68
869		9.94
870		5.10
871		2.62
872		5.78
873		2.35
874		2.21
875		7.23
876		3.07
877		5.19
878		3.30
879		2.22
880		48.80
881		7.45
882		23.04
883		10.33
884		7.37
885		4.05
886		3.87
887		19.20
888		2.16
889		2.98
890		9.56
891		6.97
892		7.79
893		1.75
894		2.24
895		2.63
896		2.94
897		2.01
898		2.21
899		21.30
900		28.49
901		12.87
902		5.34
903		6.67
904		9.36
905		2.40
906		9.03
907		5.89
908		9.54
909		4.04
910		14.95
911		2.98
912		2.42
913		16.72
914		17.19
915		19.87
916		11.56
917		5.23
918		2.31
919		6.03
920		3.01
921		2.90
922		8.10
923		5.95
924		9.98
925		29.79
926		4.58
927		2.31
928		2.83
929		4.57
930		8.56
931		7.72
932		4.67
933		2.29
934		2.10
935		9.71
936		2.77
937		16.36
938		2.23
939		7.65
940		7.89
941		7.71
942		2.71
943		2.85
944		9.39
945		4.18
946		14.15
947		16.45
948		3.93
949		2.44
950		2.46
951		3.44
952		5.39
953		27.85
954		2.17
955		2.49
956		9.24
957		7.79
958		2.56
959		7.90
960		2.30
961		2.95
962		8.64
963		15.90
964		38.51
965		10.07
966		2.74
967		5.59
968		12.48
969		7.81
970		2.60
971		5.83
972		5.21
973		5.80
974		1.89
975		12.43
976		6.95
977		5.21
978		3.10
979		11.31
980		5.63
981		11.51
982		5.51
983		2.11
984		12.43
985		5.18
986		2.09
987		13.60
988		10.33
989		1.68
990		12.91
991		14.35
992		4.29
993		2.85
994		19.02
995		9.15
996		2.46
997		7.35
998		2.75
999		3.50
1000		1.49

10584.82
