iter		Latency
1		5.68
2		7.78
3		5.41
4		5.27
5		22.21
6		20.69
7		4.78
8		12.43
9		17.46
10		2.34
11		5.96
12		2.29
13		23.23
14		16.59
15		7.68
16		3.53
17		2.38
18		7.40
19		7.50
20		9.68
21		14.77
22		9.51
23		4.64
24		5.65
25		5.07
26		14.51
27		1.99
28		2.73
29		4.86
30		4.61
31		10.07
32		2.47
33		8.97
34		4.89
35		2.59
36		5.02
37		4.27
38		2.85
39		10.37
40		10.82
41		6.88
42		2.35
43		5.04
44		4.62
45		17.10
46		4.93
47		1.85
48		2.42
49		7.49
50		4.53
51		10.16
52		5.05
53		7.17
54		2.77
55		2.12
56		26.58
57		2.59
58		12.67
59		4.83
60		2.94
61		3.52
62		11.79
63		9.54
64		2.08
65		12.50
66		5.10
67		2.28
68		2.06
69		17.31
70		7.48
71		4.79
72		10.88
73		7.18
74		5.08
75		5.00
76		4.64
77		8.25
78		4.98
79		1.84
80		5.01
81		2.82
82		9.62
83		2.44
84		4.92
85		4.68
86		2.59
87		14.12
88		2.23
89		7.81
90		5.04
91		6.45
92		2.32
93		9.58
94		9.31
95		16.56
96		2.11
97		8.43
98		2.52
99		5.67
100		2.30
101		2.76
102		2.02
103		5.15
104		6.81
105		2.58
106		4.62
107		1.98
108		4.91
109		17.12
110		2.54
111		7.53
112		4.63
113		2.34
114		2.09
115		2.55
116		2.41
117		7.71
118		5.29
119		5.76
120		5.16
121		14.65
122		4.57
123		5.14
124		2.52
125		4.59
126		4.59
127		4.45
128		2.28
129		2.40
130		5.27
131		10.04
132		21.84
133		2.27
134		2.07
135		7.48
136		6.79
137		4.73
138		6.42
139		5.03
140		6.00
141		8.53
142		4.60
143		2.97
144		12.38
145		5.15
146		2.61
147		7.35
148		12.18
149		4.60
150		2.65
151		1.98
152		4.95
153		10.07
154		4.55
155		2.24
156		2.34
157		9.30
158		2.24
159		2.27
160		7.30
161		2.67
162		2.45
163		2.74
164		2.57
165		14.29
166		2.69
167		2.05
168		10.02
169		4.36
170		9.83
171		16.90
172		2.75
173		2.99
174		4.61
175		2.84
176		19.64
177		26.92
178		2.34
179		11.97
180		2.21
181		19.44
182		8.28
183		5.12
184		7.92
185		4.70
186		2.05
187		17.49
188		17.72
189		11.64
190		2.47
191		16.12
192		17.20
193		6.65
194		2.19
195		5.25
196		4.42
197		4.40
198		18.82
199		2.72
200		4.44
201		3.54
202		2.50
203		13.56
204		6.84
205		2.60
206		3.33
207		12.45
208		4.95
209		3.98
210		2.70
211		11.55
212		9.31
213		7.57
214		2.25
215		19.46
216		7.92
217		12.73
218		4.94
219		2.13
220		1.93
221		14.58
222		12.43
223		12.57
224		9.82
225		18.80
226		4.82
227		15.86
228		16.81
229		8.55
230		2.70
231		17.50
232		2.59
233		4.90
234		2.34
235		2.70
236		5.06
237		4.76
238		5.06
239		17.55
240		2.30
241		8.05
242		2.41
243		3.20
244		7.34
245		2.76
246		4.79
247		14.31
248		7.42
249		19.20
250		1.82
251		7.01
252		6.61
253		7.32
254		5.35
255		6.41
256		7.60
257		3.34
258		2.79
259		12.23
260		7.03
261		2.17
262		10.65
263		5.01
264		6.73
265		2.61
266		10.15
267		4.78
268		7.14
269		4.62
270		2.31
271		2.36
272		21.12
273		2.29
274		2.25
275		3.23
276		7.00
277		5.42
278		45.22
279		21.79
280		4.60
281		11.93
282		2.32
283		2.01
284		2.59
285		2.15
286		6.86
287		5.08
288		11.09
289		20.05
290		1.99
291		2.50
292		7.39
293		2.39
294		1.98
295		8.08
296		2.33
297		7.14
298		1.87
299		12.36
300		7.18
301		4.52
302		10.58
303		2.32
304		9.76
305		7.22
306		2.24
307		2.53
308		1.96
309		21.70
310		4.45
311		14.42
312		2.69
313		1.86
314		2.17
315		5.53
316		4.97
317		3.50
318		9.84
319		7.07
320		10.38
321		24.01
322		2.40
323		9.79
324		2.47
325		10.82
326		10.42
327		2.31
328		2.35
329		12.55
330		11.84
331		1.91
332		9.74
333		17.66
334		12.05
335		3.72
336		2.03
337		12.43
338		4.95
339		2.39
340		2.52
341		4.54
342		23.90
343		13.51
344		5.89
345		10.15
346		2.46
347		7.53
348		2.32
349		7.86
350		2.08
351		17.46
352		4.87
353		6.72
354		2.83
355		2.51
356		2.94
357		1.33
358		3.58
359		1.37
360		1.25
361		6.32
362		1.03
363		5.19
364		1.10
365		2.61
366		6.09
367		1.39
368		1.60
369		5.31
370		3.29
371		1.41
372		3.36
373		3.21
374		2.37
375		3.93
376		1.48
377		2.46
378		3.96
379		3.49
380		3.21
381		5.75
382		0.81
383		1.23
384		6.51
385		3.25
386		3.73
387		4.24
388		1.55
389		1.03
390		2.19
391		7.92
392		1.47
393		1.70
394		1.58
395		2.42
396		2.27
397		4.87
398		1.38
399		3.01
400		3.29
401		4.61
402		2.58
403		4.03
404		3.70
405		1.14
406		2.17
407		6.54
408		1.13
409		2.18
410		0.92
411		3.68
412		3.27
413		3.18
414		3.16
415		8.42
416		2.12
417		5.70
418		3.10
419		3.06
420		3.19
421		1.71
422		0.82
423		2.27
424		1.78
425		4.75
426		1.78
427		2.62
428		9.87
429		6.25
430		1.53
431		1.30
432		1.73
433		3.97
434		3.24
435		6.82
436		3.62
437		1.54
438		0.87
439		11.07
440		7.10
441		2.40
442		4.06
443		3.52
444		3.11
445		2.09
446		3.22
447		2.17
448		2.17
449		3.20
450		1.45
451		1.67
452		2.17
453		6.73
454		5.29
455		6.37
456		2.33
457		11.09
458		3.10
459		2.47
460		4.85
461		1.32
462		1.04
463		2.40
464		1.79
465		2.39
466		5.08
467		2.15
468		2.10
469		0.93
470		4.65
471		3.33
472		3.37
473		3.80
474		6.42
475		3.32
476		3.21
477		1.97
478		4.35
479		2.11
480		3.21
481		3.41
482		2.86
483		2.73
484		1.16
485		3.16
486		2.05
487		1.37
488		2.81
489		5.46
490		9.51
491		0.88
492		1.45
493		3.19
494		6.33
495		5.38
496		2.09
497		2.09
498		13.10
499		2.21
500		1.85
501		5.60
502		2.37
503		4.25
504		7.47
505		4.19
506		1.49
507		1.59
508		1.39
509		2.44
510		3.29
511		7.31
512		2.27
513		10.81
514		1.39
515		1.83
516		1.04
517		3.09
518		4.85
519		3.30
520		3.35
521		2.04
522		2.44
523		3.59
524		1.78
525		1.33
526		0.85
527		14.79
528		3.30
529		3.18
530		0.64
531		3.33
532		2.23
533		8.39
534		2.40
535		6.37
536		3.20
537		2.45
538		4.32
539		3.24
540		1.41
541		1.79
542		3.03
543		3.62
544		2.55
545		4.02
546		3.27
547		2.19
548		2.08
549		3.15
550		3.28
551		0.91
552		3.12
553		3.31
554		2.26
555		4.19
556		3.43
557		0.90
558		0.95
559		1.01
560		3.34
561		4.44
562		3.26
563		1.06
564		3.10
565		6.43
566		5.30
567		3.19
568		0.99
569		8.59
570		1.00
571		4.91
572		1.05
573		3.09
574		2.14
575		3.11
576		1.09
577		3.08
578		3.20
579		3.22
580		4.57
581		9.76
582		5.97
583		10.84
584		1.05
585		3.17
586		3.26
587		0.93
588		2.15
589		0.91
590		4.02
591		1.60
592		2.39
593		5.37
594		2.04
595		0.94
596		2.23
597		2.05
598		0.96
599		3.22
600		9.48
601		4.09
602		3.18
603		3.07
604		3.19
605		4.37
606		3.10
607		4.38
608		10.06
609		3.83
610		4.18
611		2.33
612		0.76
613		1.61
614		5.65
615		5.73
616		3.27
617		1.61
618		1.36
619		1.81
620		3.49
621		3.19
622		1.44
623		0.87
624		7.60
625		2.01
626		2.06
627		1.15
628		2.65
629		2.66
630		1.23
631		17.35
632		1.31
633		3.19
634		3.24
635		2.57
636		1.45
637		2.31
638		2.65
639		3.79
640		3.40
641		3.28
642		2.55
643		1.52
644		5.88
645		2.28
646		5.67
647		3.97
648		3.21
649		10.74
650		2.25
651		4.23
652		1.98
653		5.46
654		2.78
655		4.52
656		2.83
657		5.99
658		1.14
659		1.79
660		3.28
661		1.58
662		4.18
663		3.19
664		2.28
665		5.62
666		2.66
667		1.43
668		1.58
669		5.35
670		3.30
671		7.49
672		2.15
673		4.22
674		3.22
675		3.55
676		5.18
677		3.27
678		3.09
679		1.89
680		3.28
681		4.32
682		2.41
683		11.83
684		6.65
685		2.98
686		14.01
687		3.15
688		2.12
689		2.30
690		4.21
691		2.71
692		3.27
693		4.07
694		2.68
695		3.24
696		1.71
697		1.24
698		2.30
699		3.18
700		4.42
701		6.10
702		2.50
703		3.98
704		3.38
705		5.35
706		4.39
707		2.20
708		0.74
709		2.45
710		3.12
711		2.01
712		1.00
713		2.41
714		3.74
715		2.17
716		9.50
717		3.20
718		10.86
719		4.90
720		1.14
721		7.08
722		1.18
723		2.22
724		9.85
725		2.26
726		6.27
727		3.19
728		2.89
729		4.37
730		2.68
731		5.25
732		0.87
733		7.48
734		3.43
735		1.27
736		0.87
737		9.00
738		5.77
739		4.43
740		3.99
741		2.38
742		4.02
743		3.40
744		3.32
745		1.97
746		2.04
747		4.50
748		5.51
749		2.37
750		4.17
751		4.38
752		3.21
753		3.49
754		2.14
755		3.29
756		2.18
757		4.30
758		6.30
759		2.28
760		4.48
761		5.45
762		0.94
763		5.37
764		0.87
765		3.34
766		5.26
767		1.11
768		1.96
769		1.67
770		3.16
771		5.14
772		1.18
773		7.05
774		1.29
775		5.59
776		3.51
777		5.05
778		4.33
779		3.13
780		1.54
781		1.72
782		3.27
783		1.37
784		3.20
785		4.44
786		2.02
787		1.01
788		3.26
789		0.69
790		4.96
791		3.88
792		2.83
793		7.03
794		9.94
795		6.29
796		0.72
797		0.98
798		3.29
799		4.35
800		2.26
801		1.75
802		2.52
803		3.25
804		3.21
805		2.05
806		1.87
807		0.89
808		3.16
809		5.49
810		4.67
811		3.83
812		3.15
813		2.14
814		1.59
815		3.13
816		1.45
817		1.74
818		2.68
819		4.39
820		3.41
821		2.62
822		9.52
823		3.23
824		3.04
825		2.24
826		3.14
827		2.20
828		0.86
829		3.13
830		2.57
831		2.18
832		1.57
833		6.75
834		3.13
835		1.04
836		3.21
837		1.28
838		1.90
839		2.00
840		4.46
841		2.07
842		0.92
843		2.68
844		11.50
845		4.09
846		2.25
847		2.20
848		2.08
849		2.29
850		12.56
851		12.90
852		6.22
853		4.41
854		1.99
855		5.38
856		2.14
857		8.63
858		2.04
859		3.00
860		3.25
861		1.45
862		2.55
863		5.55
864		4.21
865		4.82
866		3.22
867		2.16
868		0.71
869		1.54
870		1.71
871		1.30
872		1.57
873		1.24
874		2.59
875		3.03
876		3.85
877		2.21
878		1.53
879		1.45
880		5.17
881		6.04
882		4.09
883		0.91
884		3.61
885		2.67
886		1.75
887		1.92
888		2.52
889		3.95
890		4.30
891		4.35
892		3.10
893		2.23
894		2.08
895		6.65
896		4.61
897		1.67
898		3.43
899		5.58
900		4.22
901		0.91
902		3.20
903		0.92
904		9.02
905		3.66
906		5.29
907		0.98
908		3.03
909		4.36
910		2.02
911		2.30
912		5.24
913		3.20
914		1.11
915		2.74
916		1.69
917		1.25
918		3.34
919		0.90
920		2.25
921		1.91
922		6.58
923		3.08
924		3.30
925		5.26
926		1.99
927		3.25
928		2.43
929		3.82
930		1.03
931		2.71
932		3.32
933		2.41
934		4.84
935		3.23
936		5.42
937		3.20
938		2.57
939		1.74
940		1.39
941		4.10
942		2.33
943		3.18
944		3.21
945		7.56
946		2.12
947		9.28
948		1.08
949		5.20
950		3.30
951		2.97
952		2.77
953		3.21
954		1.15
955		3.18
956		1.92
957		1.10
958		3.19
959		5.53
960		3.29
961		4.18
962		3.19
963		1.94
964		3.98
965		3.95
966		3.48
967		2.72
968		3.16
969		3.86
970		3.49
971		2.72
972		3.58
973		3.55
974		3.39
975		3.80
976		2.70
977		3.16
978		3.90
979		2.56
980		4.05
981		3.09
982		3.99
983		3.55
984		3.52
985		3.44
986		2.72
987		3.88
988		3.51
989		3.46
990		2.67
991		2.99
992		2.99
993		2.92
994		3.04
995		2.94
996		3.03
997		2.93
998		2.92
999		2.93
1000		2.91

4769.99
