iter		Latency
1		16.47
2		5.05
3		3.40
4		3.73
5		3.45
6		3.35
7		6.29
8		8.00
9		5.04
10		4.71
11		2.24
12		2.42
13		12.65
14		10.51
15		1.96
16		7.82
17		12.79
18		4.92
19		9.72
20		2.53
21		12.61
22		17.16
23		2.29
24		2.34
25		4.08
26		10.74
27		2.61
28		4.47
29		5.01
30		5.99
31		13.50
32		5.11
33		3.93
34		4.44
35		7.14
36		2.61
37		2.31
38		2.10
39		4.90
40		2.51
41		7.50
42		4.78
43		5.23
44		4.90
45		2.28
46		2.73
47		2.44
48		2.35
49		14.69
50		4.84
51		2.09
52		2.91
53		9.46
54		1.81
55		16.99
56		7.10
57		5.24
58		2.40
59		4.10
60		4.85
61		14.82
62		4.81
63		21.70
64		9.81
65		15.30
66		7.39
67		19.29
68		9.73
69		4.58
70		5.05
71		6.89
72		7.50
73		17.34
74		2.00
75		2.80
76		2.32
77		4.74
78		4.59
79		7.43
80		5.23
81		2.29
82		19.04
83		8.33
84		4.77
85		1.98
86		5.02
87		10.22
88		8.30
89		10.17
90		14.38
91		17.71
92		17.51
93		10.30
94		4.04
95		2.51
96		5.79
97		4.42
98		11.86
99		7.09
100		13.75
101		3.42
102		1.88
103		7.46
104		2.44
105		13.06
106		4.57
107		14.30
108		14.44
109		7.10
110		14.39
111		2.39
112		7.87
113		27.28
114		5.90
115		32.35
116		11.38
117		4.88
118		14.46
119		2.21
120		3.06
121		4.15
122		7.70
123		2.18
124		4.92
125		14.32
126		12.82
127		22.31
128		3.27
129		4.90
130		8.22
131		2.36
132		2.19
133		2.51
134		4.73
135		7.79
136		2.60
137		4.84
138		4.90
139		26.41
140		14.14
141		4.53
142		9.15
143		2.82
144		6.81
145		8.56
146		4.77
147		5.10
148		9.66
149		2.06
150		2.16
151		4.87
152		4.84
153		2.31
154		2.50
155		4.70
156		4.94
157		25.55
158		9.82
159		2.34
160		1.77
161		6.56
162		2.22
163		1.98
164		2.34
165		2.25
166		2.50
167		2.43
168		2.63
169		2.52
170		2.09
171		7.12
172		2.41
173		4.67
174		7.16
175		31.48
176		18.75
177		2.47
178		22.42
179		7.66
180		7.03
181		7.33
182		5.85
183		14.74
184		2.66
185		2.13
186		6.23
187		2.28
188		8.36
189		4.74
190		14.23
191		1.86
192		2.71
193		2.43
194		12.99
195		7.73
196		2.32
197		3.48
198		2.48
199		6.67
200		6.16
201		3.25
202		4.45
203		11.60
204		16.80
205		10.02
206		6.30
207		14.00
208		4.47
209		3.54
210		6.42
211		6.13
212		3.15
213		4.55
214		5.05
215		12.01
216		3.33
217		8.78
218		14.77
219		2.61
220		2.30
221		17.82
222		1.74
223		2.69
224		2.44
225		2.32
226		5.95
227		7.68
228		20.02
229		2.65
230		9.62
231		10.93
232		7.35
233		10.01
234		15.35
235		4.98
236		7.02
237		2.81
238		7.25
239		7.73
240		23.94
241		4.23
242		1.93
243		12.85
244		2.05
245		7.42
246		2.55
247		23.29
248		6.22
249		2.48
250		5.79
251		2.80
252		7.47
253		2.27
254		7.19
255		7.84
256		10.29
257		25.52
258		7.21
259		2.80
260		7.46
261		6.70
262		4.70
263		10.00
264		7.00
265		9.23
266		13.01
267		8.91
268		3.60
269		4.87
270		2.37
271		2.15
272		2.60
273		2.62
274		7.43
275		5.14
276		2.27
277		9.53
278		11.60
279		5.81
280		2.82
281		13.62
282		4.74
283		16.71
284		5.04
285		4.25
286		1.90
287		2.19
288		2.54
289		9.79
290		2.08
291		7.19
292		21.52
293		2.26
294		1.98
295		6.12
296		9.13
297		7.16
298		5.15
299		6.66
300		4.75
301		2.43
302		13.37
303		8.97
304		15.26
305		2.44
306		2.34
307		6.60
308		2.68
309		4.47
310		7.65
311		3.93
312		2.65
313		11.94
314		5.14
315		4.85
316		3.48
317		4.81
318		4.23
319		8.56
320		2.05
321		10.17
322		5.79
323		8.22
324		2.47
325		9.24
326		2.07
327		8.62
328		4.88
329		4.53
330		18.41
331		2.00
332		7.29
333		2.54
334		4.57
335		6.99
336		9.92
337		2.42
338		2.17
339		4.71
340		12.18
341		2.53
342		13.16
343		2.29
344		2.74
345		134.77
346		5.38
347		1.94
348		1.04
349		3.16
350		4.72
351		6.57
352		7.41
353		7.83
354		2.24
355		0.71
356		2.62
357		4.86
358		1.56
359		2.20
360		8.82
361		4.21
362		3.48
363		2.43
364		5.00
365		2.23
366		8.52
367		3.12
368		8.53
369		3.36
370		3.14
371		5.87
372		5.16
373		0.95
374		2.55
375		4.68
376		3.72
377		2.69
378		3.75
379		2.75
380		3.49
381		6.95
382		2.60
383		3.09
384		6.20
385		1.99
386		6.19
387		1.85
388		1.26
389		1.17
390		2.13
391		4.27
392		2.07
393		2.14
394		10.36
395		4.61
396		2.36
397		2.31
398		1.96
399		9.13
400		2.23
401		2.05
402		0.96
403		2.12
404		0.91
405		1.15
406		0.91
407		1.14
408		7.55
409		5.20
410		4.11
411		4.07
412		7.95
413		1.77
414		3.20
415		2.08
416		2.52
417		3.92
418		3.29
419		2.27
420		4.24
421		3.35
422		1.16
423		4.33
424		5.27
425		3.29
426		7.51
427		2.26
428		6.65
429		3.22
430		2.07
431		1.08
432		3.22
433		4.32
434		0.71
435		2.50
436		2.21
437		1.50
438		7.06
439		2.49
440		4.94
441		2.32
442		2.25
443		1.86
444		1.03
445		1.24
446		5.17
447		3.19
448		0.97
449		3.11
450		3.55
451		1.70
452		1.64
453		1.24
454		1.27
455		6.29
456		2.02
457		1.04
458		2.18
459		5.18
460		2.15
461		2.39
462		3.50
463		3.16
464		2.77
465		1.13
466		2.63
467		2.60
468		6.60
469		3.23
470		0.92
471		3.21
472		2.24
473		0.72
474		0.91
475		1.39
476		2.47
477		4.05
478		3.23
479		3.10
480		4.39
481		2.08
482		4.36
483		3.29
484		5.28
485		0.72
486		2.43
487		1.34
488		6.30
489		3.21
490		4.30
491		2.45
492		1.73
493		1.34
494		1.79
495		1.27
496		4.74
497		9.49
498		5.86
499		2.59
500		4.87
501		2.38
502		2.55
503		1.56
504		1.47
505		8.48
506		4.54
507		2.63
508		3.13
509		3.23
510		5.15
511		2.47
512		5.44
513		0.66
514		1.15
515		2.22
516		2.92
517		5.92
518		3.95
519		3.34
520		1.60
521		1.66
522		2.49
523		3.27
524		2.06
525		0.98
526		2.25
527		2.00
528		1.11
529		2.13
530		6.92
531		3.39
532		3.31
533		7.42
534		2.08
535		5.47
536		5.51
537		4.12
538		2.26
539		1.46
540		6.19
541		8.44
542		2.22
543		3.22
544		6.36
545		3.10
546		0.97
547		2.28
548		5.54
549		1.52
550		2.71
551		1.97
552		4.27
553		4.20
554		4.44
555		1.94
556		2.25
557		0.70
558		3.46
559		7.40
560		4.46
561		5.34
562		5.29
563		15.30
564		3.93
565		3.81
566		1.97
567		1.27
568		1.95
569		1.53
570		1.52
571		0.95
572		3.10
573		4.32
574		7.32
575		6.61
576		1.31
577		0.73
578		3.27
579		3.25
580		2.02
581		4.41
582		5.36
583		1.76
584		2.26
585		2.15
586		3.56
587		0.70
588		3.31
589		3.27
590		3.42
591		3.36
592		2.85
593		3.80
594		1.27
595		1.78
596		1.63
597		2.11
598		3.22
599		1.18
600		1.25
601		1.82
602		1.40
603		3.30
604		4.04
605		2.24
606		5.56
607		3.26
608		3.25
609		3.38
610		2.06
611		3.21
612		7.81
613		5.20
614		10.75
615		2.67
616		1.12
617		3.05
618		2.73
619		1.39
620		2.57
621		2.45
622		5.02
623		2.15
624		0.96
625		8.76
626		2.52
627		3.94
628		3.41
629		1.81
630		4.00
631		2.59
632		1.54
633		3.28
634		2.44
635		2.35
636		3.13
637		4.23
638		3.44
639		2.14
640		2.27
641		3.24
642		5.12
643		8.62
644		5.86
645		3.28
646		4.12
647		2.68
648		7.39
649		3.89
650		2.61
651		4.85
652		2.32
653		0.90
654		4.23
655		6.91
656		2.55
657		2.09
658		3.28
659		2.11
660		0.95
661		2.25
662		2.17
663		4.12
664		3.27
665		2.15
666		1.97
667		1.15
668		1.75
669		7.64
670		2.46
671		2.03
672		8.13
673		1.69
674		1.39
675		1.69
676		2.58
677		3.34
678		5.25
679		1.06
680		4.44
681		7.31
682		0.70
683		1.20
684		1.29
685		2.15
686		4.12
687		2.33
688		6.80
689		3.85
690		1.98
691		1.25
692		2.71
693		14.16
694		2.98
695		4.61
696		0.94
697		1.42
698		5.02
699		1.21
700		0.94
701		2.12
702		0.88
703		3.22
704		2.40
705		4.25
706		1.93
707		5.40
708		3.18
709		5.34
710		1.98
711		1.66
712		3.43
713		1.07
714		1.06
715		1.13
716		2.02
717		3.21
718		4.49
719		1.24
720		2.10
721		4.32
722		1.99
723		1.10
724		0.86
725		6.38
726		2.19
727		6.22
728		1.66
729		1.55
730		2.56
731		6.44
732		3.19
733		3.91
734		4.52
735		2.79
736		3.94
737		6.61
738		0.98
739		3.18
740		0.84
741		2.89
742		6.19
743		0.70
744		5.26
745		4.01
746		3.83
747		1.28
748		2.28
749		7.62
750		3.26
751		3.15
752		1.24
753		1.88
754		2.51
755		4.29
756		2.49
757		1.99
758		5.36
759		2.32
760		3.22
761		0.67
762		2.56
763		4.44
764		2.40
765		1.98
766		3.25
767		2.11
768		2.45
769		3.24
770		6.94
771		2.20
772		3.20
773		1.98
774		3.36
775		7.46
776		2.10
777		2.09
778		2.66
779		9.27
780		1.40
781		2.75
782		2.57
783		1.30
784		1.56
785		1.30
786		3.46
787		1.31
788		3.26
789		3.31
790		3.78
791		3.30
792		3.87
793		3.32
794		2.33
795		4.96
796		3.42
797		0.94
798		5.42
799		1.17
800		3.22
801		0.96
802		3.30
803		2.56
804		4.14
805		1.95
806		1.67
807		4.74
808		2.13
809		3.22
810		6.68
811		0.92
812		7.48
813		6.49
814		2.10
815		1.82
816		1.18
817		3.38
818		4.35
819		4.13
820		2.27
821		0.71
822		4.34
823		6.78
824		1.41
825		1.44
826		1.70
827		8.97
828		7.16
829		3.26
830		1.29
831		3.50
832		1.82
833		2.42
834		3.20
835		3.46
836		7.88
837		2.60
838		3.21
839		3.38
840		4.21
841		2.11
842		0.93
843		6.75
844		3.76
845		3.18
846		5.66
847		6.66
848		4.04
849		3.07
850		0.95
851		1.10
852		0.95
853		1.70
854		1.47
855		1.44
856		5.10
857		10.56
858		1.11
859		0.82
860		2.46
861		0.82
862		1.00
863		14.91
864		3.26
865		5.41
866		2.05
867		4.44
868		3.19
869		3.16
870		2.12
871		0.89
872		9.65
873		2.75
874		3.85
875		2.59
876		3.78
877		1.46
878		3.24
879		1.22
880		3.23
881		0.70
882		2.47
883		8.54
884		2.80
885		4.54
886		2.12
887		4.29
888		3.81
889		5.98
890		2.04
891		3.28
892		4.67
893		1.13
894		1.69
895		1.99
896		2.60
897		8.08
898		1.20
899		3.21
900		0.86
901		3.24
902		0.92
903		4.48
904		3.26
905		3.60
906		3.49
907		5.22
908		3.26
909		1.23
910		1.97
911		2.17
912		11.70
913		1.89
914		0.98
915		2.29
916		1.06
917		7.02
918		3.35
919		4.50
920		3.11
921		6.38
922		10.07
923		4.08
924		5.58
925		3.19
926		3.11
927		5.12
928		0.95
929		2.28
930		0.95
931		1.20
932		3.15
933		2.20
934		1.31
935		1.86
936		9.99
937		3.29
938		2.59
939		8.59
940		0.69
941		0.97
942		1.26
943		3.22
944		7.69
945		1.51
946		4.90
947		4.48
948		2.09
949		2.14
950		3.23
951		1.94
952		2.29
953		0.88
954		1.07
955		1.06
956		0.72
957		1.28
958		1.99
959		3.20
960		2.81
961		3.82
962		2.64
963		1.02
964		3.51
965		5.28
966		6.27
967		3.22
968		0.97
969		3.03
970		3.07
971		2.19
972		3.27
973		4.41
974		3.41
975		3.13
976		3.07
977		3.90
978		3.51
979		2.70
980		3.14
981		3.87
982		3.72
983		3.74
984		3.66
985		2.66
986		3.81
987		3.51
988		3.11
989		3.52
990		3.87
991		3.46
992		3.20
993		3.21
994		3.22
995		3.05
996		3.86
997		3.13
998		3.14
999		3.13
1000		3.66

4775.02
