iter		Latency
1		11.25
2		22.71
3		2.23
4		2.34
5		2.32
6		7.72
7		2.48
8		7.78
9		2.65
10		7.37
11		4.78
12		4.78
13		7.56
14		2.61
15		7.12
16		2.48
17		10.43
18		9.33
19		2.24
20		9.35
21		3.20
22		4.73
23		2.48
24		7.58
25		9.09
26		11.50
27		2.61
28		2.45
29		12.27
30		7.12
31		19.56
32		39.46
33		22.42
34		9.55
35		7.51
36		5.84
37		8.52
38		6.60
39		4.80
40		6.69
41		2.15
42		17.25
43		2.67
44		2.67
45		2.26
46		2.22
47		1.97
48		17.01
49		5.32
50		4.70
51		5.11
52		10.00
53		2.48
54		10.09
55		4.30
56		2.78
57		2.41
58		4.68
59		4.83
60		11.65
61		2.51
62		3.55
63		4.60
64		4.82
65		1.74
66		18.95
67		12.37
68		9.68
69		9.08
70		2.27
71		5.36
72		2.82
73		19.43
74		2.31
75		8.48
76		7.39
77		9.43
78		4.82
79		2.54
80		2.18
81		11.25
82		9.90
83		2.57
84		6.35
85		12.88
86		4.37
87		8.89
88		3.33
89		7.17
90		4.85
91		11.61
92		2.02
93		4.93
94		2.13
95		10.48
96		2.23
97		5.75
98		7.36
99		2.18
100		9.19
101		16.87
102		2.49
103		18.75
104		2.30
105		2.29
106		2.70
107		15.00
108		4.56
109		15.28
110		2.02
111		3.21
112		8.19
113		4.78
114		4.70
115		2.07
116		2.63
117		1.84
118		2.75
119		4.87
120		12.06
121		18.85
122		17.04
123		2.83
124		6.53
125		5.05
126		10.07
127		7.30
128		2.39
129		9.84
130		2.45
131		3.56
132		5.19
133		2.30
134		6.08
135		10.56
136		33.03
137		4.80
138		4.42
139		9.69
140		4.60
141		2.12
142		7.99
143		11.95
144		31.36
145		5.03
146		38.76
147		4.78
148		2.44
149		2.36
150		11.13
151		9.80
152		1.90
153		3.14
154		7.16
155		39.76
156		12.15
157		2.52
158		2.07
159		2.63
160		2.86
161		15.16
162		6.17
163		2.28
164		4.76
165		6.80
166		7.42
167		2.53
168		2.39
169		5.13
170		2.36
171		2.31
172		2.33
173		5.03
174		7.45
175		2.08
176		12.34
177		1.82
178		4.10
179		2.62
180		4.64
181		2.57
182		9.67
183		7.12
184		17.12
185		4.67
186		2.01
187		12.22
188		7.44
189		14.04
190		9.80
191		14.24
192		3.89
193		1.90
194		5.33
195		11.62
196		2.20
197		1.85
198		6.90
199		2.08
200		7.51
201		9.39
202		1.78
203		2.55
204		4.91
205		4.76
206		4.90
207		4.91
208		8.77
209		16.72
210		5.09
211		2.90
212		8.69
213		2.82
214		2.11
215		4.90
216		12.36
217		2.71
218		3.01
219		4.66
220		13.19
221		10.48
222		3.22
223		2.54
224		2.55
225		2.10
226		4.46
227		2.21
228		2.23
229		7.12
230		4.93
231		5.19
232		6.17
233		5.13
234		2.36
235		4.19
236		18.40
237		14.61
238		7.24
239		3.00
240		12.22
241		7.87
242		3.53
243		2.50
244		16.90
245		2.18
246		2.23
247		12.43
248		7.10
249		1.70
250		2.63
251		2.50
252		1.83
253		1.64
254		3.51
255		2.51
256		13.05
257		8.11
258		5.54
259		3.77
260		10.87
261		4.42
262		3.09
263		4.42
264		9.73
265		1.98
266		2.39
267		2.02
268		3.92
269		4.61
270		15.18
271		9.69
272		19.02
273		2.38
274		4.72
275		2.19
276		2.37
277		11.85
278		5.20
279		4.57
280		8.72
281		14.86
282		2.32
283		5.30
284		7.46
285		2.22
286		1.94
287		4.99
288		1.83
289		2.47
290		2.34
291		4.57
292		8.12
293		4.57
294		4.94
295		4.59
296		16.59
297		23.57
298		2.42
299		6.94
300		2.09
301		12.27
302		2.24
303		22.62
304		9.27
305		2.60
306		9.94
307		14.21
308		2.63
309		5.22
310		4.94
311		4.30
312		15.41
313		9.24
314		2.57
315		14.10
316		6.09
317		32.00
318		9.70
319		4.80
320		5.76
321		4.85
322		5.34
323		21.14
324		12.11
325		3.16
326		9.47
327		2.13
328		11.24
329		6.91
330		9.34
331		12.67
332		2.45
333		11.61
334		4.99
335		4.82
336		2.42
337		8.43
338		7.39
339		12.28
340		9.77
341		32.57
342		1.99
343		2.41
344		4.87
345		2.19
346		3.55
347		2.54
348		2.43
349		7.72
350		2.41
351		7.65
352		2.10
353		7.86
354		2.27
355		2.52
356		1.95
357		2.36
358		2.07
359		5.15
360		4.31
361		2.37
362		7.25
363		1.41
364		2.89
365		2.39
366		5.06
367		2.40
368		6.23
369		0.80
370		5.54
371		1.09
372		1.91
373		1.33
374		3.01
375		3.31
376		1.78
377		1.79
378		1.52
379		9.54
380		2.65
381		7.97
382		1.60
383		1.37
384		0.89
385		3.29
386		2.17
387		3.62
388		1.94
389		5.55
390		2.18
391		1.91
392		2.20
393		0.90
394		2.28
395		3.37
396		3.07
397		3.73
398		2.69
399		1.64
400		1.46
401		1.59
402		5.49
403		4.11
404		2.66
405		8.26
406		3.68
407		2.29
408		3.18
409		3.31
410		3.46
411		4.62
412		1.65
413		1.49
414		1.84
415		7.63
416		1.59
417		4.66
418		1.47
419		1.53
420		6.63
421		2.32
422		0.73
423		5.95
424		2.05
425		2.05
426		0.97
427		2.25
428		0.85
429		3.63
430		9.77
431		3.23
432		2.62
433		1.72
434		1.50
435		1.78
436		2.54
437		11.77
438		3.24
439		2.53
440		1.46
441		3.24
442		2.22
443		1.03
444		1.86
445		3.37
446		0.87
447		3.96
448		2.33
449		2.23
450		0.68
451		2.54
452		4.00
453		1.40
454		0.68
455		2.52
456		5.04
457		1.15
458		3.72
459		4.92
460		3.31
461		2.11
462		4.33
463		4.29
464		2.52
465		3.35
466		1.61
467		1.43
468		1.73
469		1.25
470		2.25
471		3.25
472		3.22
473		4.29
474		0.75
475		3.16
476		2.18
477		4.61
478		1.63
479		1.58
480		3.22
481		2.55
482		13.91
483		2.08
484		8.01
485		3.25
486		9.25
487		1.10
488		0.86
489		1.23
490		7.41
491		2.27
492		3.26
493		5.90
494		3.25
495		10.73
496		3.34
497		3.89
498		3.27
499		3.25
500		5.52
501		6.34
502		3.33
503		1.02
504		2.27
505		2.07
506		2.05
507		3.33
508		4.45
509		1.96
510		1.04
511		1.09
512		0.80
513		3.54
514		4.15
515		2.31
516		3.25
517		0.67
518		3.26
519		3.40
520		5.84
521		3.34
522		1.83
523		1.90
524		3.23
525		4.25
526		3.35
527		1.13
528		1.94
529		1.51
530		2.42
531		2.60
532		3.29
533		1.51
534		2.46
535		3.36
536		3.26
537		3.19
538		3.19
539		1.81
540		3.59
541		3.23
542		4.55
543		2.13
544		7.61
545		4.51
546		1.92
547		1.14
548		2.01
549		0.94
550		0.96
551		3.32
552		3.06
553		10.28
554		1.25
555		2.24
556		8.67
557		2.12
558		2.01
559		0.91
560		4.60
561		3.06
562		3.25
563		3.25
564		2.00
565		4.45
566		1.62
567		3.22
568		1.34
569		1.80
570		3.49
571		7.49
572		1.31
573		4.09
574		2.22
575		0.73
576		2.44
577		3.32
578		3.14
579		6.38
580		3.20
581		7.00
582		5.88
583		1.60
584		3.13
585		1.42
586		1.91
587		2.53
588		4.21
589		2.15
590		2.04
591		6.45
592		0.72
593		2.86
594		4.27
595		3.20
596		3.31
597		3.41
598		0.99
599		3.28
600		14.83
601		2.66
602		1.17
603		1.92
604		3.97
605		3.22
606		7.32
607		2.11
608		4.27
609		3.28
610		3.22
611		2.50
612		4.90
613		10.65
614		3.07
615		1.21
616		0.91
617		2.24
618		2.28
619		4.16
620		5.83
621		3.20
622		3.08
623		3.96
624		4.17
625		1.32
626		5.48
627		2.68
628		1.91
629		8.38
630		7.20
631		3.19
632		1.34
633		1.77
634		1.38
635		3.36
636		9.03
637		3.27
638		4.25
639		1.14
640		2.21
641		0.74
642		0.94
643		5.99
644		2.65
645		1.36
646		6.27
647		2.64
648		1.08
649		2.72
650		2.32
651		1.69
652		2.38
653		3.27
654		6.27
655		2.29
656		2.56
657		4.81
658		1.93
659		3.34
660		4.81
661		5.94
662		2.35
663		4.98
664		2.27
665		3.20
666		1.45
667		3.25
668		3.28
669		1.92
670		2.05
671		0.92
672		2.27
673		2.32
674		3.28
675		0.66
676		2.48
677		1.82
678		1.05
679		2.18
680		2.19
681		3.24
682		1.86
683		3.41
684		3.33
685		1.05
686		2.76
687		4.55
688		4.39
689		3.28
690		1.40
691		6.37
692		1.99
693		4.19
694		3.13
695		2.14
696		4.52
697		3.07
698		3.09
699		5.40
700		1.00
701		3.19
702		8.94
703		2.56
704		1.22
705		2.21
706		6.59
707		2.03
708		1.00
709		1.02
710		7.00
711		2.19
712		1.71
713		1.28
714		2.62
715		2.03
716		1.00
717		3.22
718		2.07
719		3.20
720		0.94
721		0.88
722		1.14
723		1.09
724		5.15
725		2.38
726		2.22
727		5.12
728		2.19
729		1.82
730		3.13
731		6.47
732		3.44
733		1.32
734		1.55
735		1.74
736		3.43
737		2.51
738		3.22
739		1.88
740		2.21
741		4.37
742		2.44
743		9.49
744		2.02
745		3.23
746		1.03
747		6.55
748		3.14
749		5.92
750		7.33
751		5.32
752		2.08
753		3.22
754		1.97
755		3.52
756		2.26
757		0.83
758		1.03
759		7.99
760		2.71
761		1.53
762		2.67
763		3.37
764		3.79
765		2.57
766		1.43
767		1.60
768		1.50
769		3.25
770		1.43
771		1.97
772		2.83
773		4.09
774		3.13
775		3.30
776		3.10
777		0.93
778		1.02
779		5.35
780		0.92
781		5.72
782		4.21
783		3.26
784		0.96
785		0.75
786		3.22
787		2.18
788		1.18
789		2.90
790		5.27
791		1.45
792		1.73
793		2.42
794		2.34
795		3.26
796		9.63
797		1.45
798		3.84
799		2.59
800		2.04
801		3.21
802		3.29
803		5.25
804		2.70
805		6.37
806		5.87
807		3.31
808		1.24
809		2.40
810		1.22
811		3.56
812		3.40
813		2.55
814		5.37
815		0.96
816		0.93
817		3.32
818		4.28
819		7.08
820		2.23
821		0.72
822		2.98
823		6.89
824		7.72
825		2.68
826		3.64
827		3.14
828		3.45
829		2.13
830		2.62
831		7.24
832		3.25
833		3.29
834		4.14
835		10.60
836		3.14
837		3.22
838		3.88
839		2.04
840		1.69
841		2.58
842		2.11
843		0.94
844		2.68
845		1.86
846		1.16
847		0.95
848		6.40
849		2.43
850		2.61
851		1.62
852		10.29
853		3.19
854		5.64
855		4.88
856		1.31
857		3.24
858		1.87
859		1.40
860		9.56
861		2.15
862		0.93
863		5.30
864		1.76
865		1.37
866		3.23
867		6.13
868		4.22
869		1.32
870		1.87
871		3.38
872		3.25
873		1.23
874		3.00
875		7.55
876		3.97
877		6.37
878		1.38
879		1.51
880		1.75
881		4.61
882		6.15
883		1.90
884		2.15
885		2.52
886		5.12
887		1.23
888		1.97
889		0.90
890		9.88
891		2.21
892		4.12
893		2.11
894		2.18
895		0.70
896		1.25
897		1.01
898		4.19
899		8.86
900		9.44
901		1.87
902		1.78
903		2.45
904		0.73
905		5.78
906		0.77
907		2.28
908		4.34
909		2.13
910		3.17
911		0.96
912		2.15
913		2.18
914		2.56
915		5.91
916		3.21
917		1.57
918		2.64
919		4.05
920		3.37
921		9.47
922		8.66
923		2.97
924		3.89
925		5.98
926		1.77
927		1.34
928		1.83
929		1.82
930		3.30
931		2.79
932		12.90
933		2.03
934		0.96
935		1.42
936		4.03
937		4.21
938		5.33
939		4.39
940		1.94
941		1.77
942		3.17
943		1.77
944		2.60
945		3.27
946		3.88
947		4.29
948		0.94
949		3.23
950		1.00
951		3.16
952		0.95
953		2.24
954		7.63
955		1.40
956		1.45
957		1.13
958		5.33
959		1.82
960		2.18
961		4.43
962		2.01
963		0.99
964		2.09
965		2.26
966		0.92
967		3.24
968		5.94
969		4.03
970		4.55
971		2.05
972		0.92
973		3.13
974		1.07
975		8.47
976		9.89
977		1.00
978		2.76
979		2.51
980		3.22
981		4.79
982		1.60
983		0.83
984		2.33
985		0.78
986		7.21
987		3.26
988		2.57
989		5.49
990		2.22
991		3.22
992		1.98
993		4.36
994		2.08
995		1.00
996		11.64
997		5.15
998		2.64
999		2.67
1000		7.78

4612.27
