iter		Latency
1		6.69
2		3.27
3		3.62
4		3.57
5		3.63
6		3.35
7		2.09
8		2.54
9		2.80
10		2.15
11		2.85
12		2.63
13		2.33
14		2.24
15		2.40
16		2.11
17		2.27
18		2.00
19		2.38
20		1.99
21		2.73
22		2.00
23		2.39
24		2.89
25		2.33
26		2.40
27		2.36
28		2.55
29		2.38
30		2.06
31		2.40
32		2.27
33		2.66
34		2.18
35		2.31
36		1.76
37		2.48
38		2.29
39		1.99
40		2.68
41		1.90
42		2.55
43		2.05
44		2.35
45		2.42
46		2.09
47		2.15
48		3.72
49		2.72
50		5.32
51		2.31
52		2.08
53		2.09
54		1.95
55		2.06
56		2.74
57		2.14
58		2.32
59		2.01
60		2.69
61		2.02
62		2.37
63		2.14
64		2.21
65		2.05
66		2.27
67		3.38
68		2.30
69		2.64
70		2.05
71		2.54
72		9.71
73		2.11
74		2.26
75		1.98
76		2.27
77		2.13
78		2.04
79		2.37
80		2.21
81		2.03
82		2.16
83		2.28
84		1.97
85		2.53
86		2.41
87		1.94
88		2.08
89		2.82
90		2.12
91		2.61
92		2.06
93		1.82
94		2.68
95		1.96
96		2.75
97		1.93
98		2.06
99		2.12
100		2.19
101		2.03
102		2.53
103		2.60
104		2.18
105		2.39
106		2.07
107		2.88
108		2.40
109		2.09
110		2.00
111		2.27
112		1.92
113		2.03
114		2.04
115		2.15
116		2.29
117		2.47
118		2.06
119		4.23
120		2.25
121		2.04
122		2.12
123		2.06
124		4.31
125		2.11
126		2.21
127		2.07
128		2.12
129		1.93
130		2.70
131		2.03
132		2.52
133		2.40
134		2.60
135		1.92
136		2.01
137		2.27
138		2.56
139		1.95
140		2.18
141		2.21
142		2.33
143		2.00
144		2.02
145		2.22
146		2.04
147		1.95
148		2.46
149		2.37
150		2.77
151		2.38
152		1.96
153		2.19
154		2.16
155		2.29
156		2.29
157		2.25
158		2.55
159		2.08
160		1.99
161		2.22
162		2.12
163		2.92
164		1.80
165		1.98
166		2.59
167		2.42
168		1.98
169		2.09
170		2.34
171		1.93
172		2.24
173		2.43
174		2.48
175		1.85
176		2.08
177		2.05
178		2.11
179		3.56
180		1.69
181		2.30
182		2.09
183		3.86
184		2.37
185		1.67
186		2.06
187		2.12
188		2.10
189		2.10
190		2.00
191		1.93
192		2.46
193		2.04
194		2.70
195		1.76
196		2.86
197		2.09
198		2.09
199		1.93
200		2.74
201		1.98
202		2.33
203		1.96
204		2.02
205		1.97
206		1.92
207		0.92
208		2.20
209		2.37
210		2.00
211		2.04
212		2.12
213		2.04
214		2.30
215		2.09
216		2.21
217		2.33
218		2.35
219		2.28
220		0.90
221		2.36
222		2.39
223		2.12
224		2.12
225		2.63
226		2.57
227		2.16
228		2.23
229		1.78
230		2.60
231		2.14
232		2.14
233		4.31
234		1.41
235		2.48
236		2.11
237		2.14
238		2.30
239		2.33
240		2.48
241		2.51
242		2.14
243		2.14
244		2.33
245		2.35
246		2.66
247		2.27
248		2.46
249		2.16
250		2.17
251		2.41
252		1.89
253		2.09
254		2.48
255		2.07
256		2.85
257		2.16
258		2.03
259		2.55
260		2.18
261		2.00
262		2.06
263		2.11
264		2.22
265		2.20
266		1.95
267		2.61
268		2.19
269		2.11
270		2.10
271		1.97
272		3.13
273		2.24
274		1.81
275		2.56
276		1.99
277		3.06
278		2.71
279		2.07
280		2.21
281		2.02
282		3.39
283		3.07
284		2.10
285		2.01
286		2.41
287		2.30
288		1.69
289		2.42
290		2.03
291		2.01
292		2.17
293		1.68
294		2.30
295		2.02
296		2.06
297		2.44
298		1.98
299		2.24
300		1.86
301		2.60
302		2.53
303		2.14
304		2.00
305		2.75
306		2.42
307		2.27
308		2.40
309		2.10
310		2.11
311		1.87
312		2.30
313		2.51
314		1.65
315		2.19
316		0.76
317		2.04
318		2.24
319		2.06
320		8.29
321		1.98
322		2.10
323		2.09
324		2.48
325		2.37
326		2.14
327		2.45
328		2.05
329		2.24
330		2.44
331		2.03
332		2.02
333		2.29
334		2.22
335		2.29
336		1.91
337		2.21
338		1.91
339		2.05
340		2.04
341		1.67
342		2.32
343		2.17
344		2.37
345		2.02
346		2.06
347		2.62
348		2.37
349		2.01
350		1.92
351		2.60
352		2.52
353		1.93
354		2.19
355		2.14
356		2.24
357		1.97
358		2.27
359		2.16
360		2.17
361		2.15
362		2.13
363		2.68
364		2.44
365		2.10
366		2.25
367		2.08
368		2.06
369		2.68
370		3.02
371		2.39
372		1.88
373		2.50
374		3.27
375		2.46
376		2.89
377		2.35
378		2.12
379		2.08
380		3.58
381		2.47
382		2.10
383		1.97
384		2.25
385		2.48
386		2.20
387		2.95
388		2.18
389		2.60
390		2.45
391		1.81
392		2.18
393		2.72
394		2.05
395		2.00
396		2.03
397		1.96
398		2.62
399		2.05
400		1.99
401		1.99
402		2.02
403		1.80
404		2.40
405		2.66
406		2.60
407		2.28
408		2.00
409		2.32
410		1.72
411		2.16
412		2.09
413		2.07
414		2.42
415		1.93
416		1.94
417		2.30
418		2.54
419		2.04
420		2.30
421		2.29
422		2.45
423		2.29
424		1.90
425		2.45
426		2.49
427		2.16
428		2.09
429		2.48
430		2.36
431		2.19
432		1.98
433		2.45
434		2.34
435		2.26
436		1.78
437		2.09
438		2.09
439		2.47
440		2.35
441		2.24
442		1.66
443		2.26
444		2.31
445		2.31
446		1.88
447		2.56
448		2.46
449		2.33
450		0.92
451		2.11
452		1.82
453		2.24
454		2.06
455		2.02
456		2.06
457		2.16
458		2.31
459		2.01
460		1.88
461		2.87
462		2.72
463		2.16
464		1.94
465		2.03
466		2.36
467		1.82
468		2.41
469		2.75
470		2.39
471		2.49
472		1.88
473		2.05
474		2.44
475		2.21
476		2.06
477		2.07
478		2.40
479		2.07
480		2.17
481		2.68
482		2.28
483		2.20
484		1.81
485		2.37
486		2.26
487		12.31
488		2.57
489		3.57
490		2.17
491		1.84
492		2.54
493		1.87
494		2.24
495		1.61
496		1.97
497		2.60
498		2.35
499		1.87
500		2.44
501		2.05
502		2.14
503		2.17
504		2.18
505		1.68
506		2.15
507		0.77
508		1.42
509		2.70
510		2.18
511		2.29
512		1.87
513		1.90
514		2.23
515		2.43
516		2.39
517		1.84
518		2.18
519		3.65
520		2.27
521		2.37
522		2.04
523		2.13
524		2.24
525		2.60
526		2.05
527		2.12
528		2.48
529		3.31
530		2.89
531		2.83
532		2.25
533		2.60
534		1.94
535		2.71
536		2.12
537		1.89
538		1.65
539		2.33
540		1.66
541		2.29
542		2.03
543		2.30
544		2.08
545		2.29
546		1.73
547		2.52
548		2.05
549		3.25
550		1.91
551		2.83
552		1.95
553		2.97
554		2.29
555		2.23
556		2.17
557		1.91
558		2.25
559		2.13
560		3.58
561		3.30
562		2.12
563		1.64
564		1.72
565		2.52
566		2.13
567		2.44
568		6.60
569		2.14
570		2.19
571		1.76
572		2.11
573		2.23
574		1.56
575		2.10
576		2.72
577		1.01
578		3.47
579		2.19
580		2.32
581		2.10
582		2.27
583		1.82
584		2.15
585		2.08
586		2.00
587		2.25
588		1.77
589		3.22
590		2.03
591		1.69
592		2.17
593		3.55
594		1.96
595		1.20
596		1.85
597		2.29
598		1.89
599		1.99
600		2.69
601		2.32
602		2.00
603		2.05
604		2.45
605		2.00
606		3.21
607		2.37
608		0.93
609		2.54
610		2.29
611		2.09
612		2.52
613		2.43
614		2.30
615		2.35
616		2.13
617		2.27
618		2.10
619		2.57
620		2.45
621		2.76
622		2.26
623		2.26
624		2.15
625		2.03
626		2.44
627		2.00
628		2.19
629		2.99
630		2.26
631		2.19
632		2.34
633		0.77
634		2.20
635		3.20
636		2.40
637		2.36
638		1.83
639		1.79
640		2.59
641		1.99
642		2.22
643		2.06
644		2.20
645		1.91
646		1.93
647		2.37
648		2.33
649		3.66
650		2.04
651		2.27
652		2.48
653		2.46
654		2.35
655		1.87
656		2.27
657		2.72
658		2.08
659		1.83
660		2.90
661		2.37
662		2.52
663		2.16
664		2.19
665		2.08
666		2.58
667		2.37
668		1.98
669		2.16
670		2.47
671		2.70
672		2.53
673		2.06
674		2.13
675		2.11
676		2.51
677		2.54
678		2.37
679		0.77
680		1.52
681		2.13
682		3.13
683		2.52
684		1.94
685		2.17
686		2.67
687		2.14
688		2.00
689		1.73
690		2.02
691		2.77
692		2.31
693		1.63
694		2.89
695		2.18
696		2.39
697		2.22
698		2.60
699		2.16
700		2.35
701		1.80
702		1.93
703		2.69
704		1.80
705		4.51
706		2.27
707		2.07
708		1.82
709		2.78
710		1.07
711		0.48
712		1.92
713		2.15
714		2.45
715		3.23
716		1.96
717		2.66
718		2.70
719		2.09
720		4.26
721		2.18
722		2.43
723		3.17
724		2.14
725		2.02
726		1.97
727		2.18
728		3.00
729		2.23
730		2.08
731		1.94
732		2.18
733		2.26
734		2.20
735		2.02
736		1.94
737		3.21
738		2.45
739		2.52
740		1.61
741		2.41
742		1.76
743		2.75
744		2.58
745		2.39
746		2.07
747		2.57
748		2.53
749		1.70
750		2.30
751		2.19
752		2.19
753		1.88
754		2.14
755		1.92
756		2.39
757		2.08
758		2.20
759		2.03
760		1.90
761		2.25
762		2.22
763		2.00
764		2.36
765		1.91
766		2.23
767		1.94
768		3.26
769		1.87
770		2.27
771		1.93
772		2.01
773		3.14
774		2.70
775		1.92
776		2.16
777		1.88
778		2.50
779		2.68
780		2.22
781		2.00
782		2.39
783		2.46
784		2.22
785		2.13
786		2.49
787		2.05
788		1.88
789		2.16
790		2.54
791		4.24
792		2.08
793		2.17
794		2.16
795		2.22
796		0.94
797		2.27
798		2.21
799		2.01
800		2.08
801		1.92
802		1.93
803		2.07
804		2.02
805		1.98
806		2.16
807		2.31
808		2.29
809		2.29
810		2.47
811		2.00
812		1.86
813		1.88
814		2.33
815		2.54
816		2.06
817		1.90
818		2.18
819		1.93
820		2.17
821		1.87
822		2.51
823		2.55
824		2.01
825		2.09
826		1.89
827		1.78
828		2.72
829		2.07
830		2.06
831		1.83
832		2.27
833		2.41
834		2.07
835		1.91
836		2.01
837		2.27
838		2.03
839		2.96
840		2.12
841		2.34
842		1.62
843		1.99
844		1.77
845		2.57
846		1.98
847		2.37
848		1.90
849		2.36
850		2.18
851		2.16
852		1.85
853		1.75
854		2.37
855		2.04
856		2.51
857		2.28
858		3.14
859		2.45
860		2.09
861		2.27
862		2.03
863		2.14
864		1.92
865		2.16
866		2.51
867		2.08
868		2.40
869		2.02
870		2.61
871		2.09
872		1.74
873		2.15
874		2.04
875		1.98
876		1.98
877		2.13
878		2.30
879		2.15
880		1.99
881		2.68
882		2.08
883		0.70
884		3.24
885		2.07
886		2.19
887		1.99
888		1.95
889		2.58
890		2.63
891		2.39
892		2.59
893		1.98
894		3.58
895		2.20
896		2.25
897		2.32
898		2.18
899		2.26
900		2.42
901		1.89
902		3.55
903		2.06
904		2.15
905		2.16
906		2.28
907		2.63
908		14.32
909		1.86
910		2.16
911		2.43
912		2.41
913		2.04
914		2.19
915		2.09
916		2.44
917		3.38
918		2.25
919		2.09
920		2.06
921		1.82
922		2.77
923		1.61
924		1.28
925		2.37
926		2.03
927		2.52
928		1.81
929		2.18
930		1.97
931		2.27
932		2.27
933		2.04
934		1.94
935		2.06
936		2.39
937		1.99
938		2.18
939		2.55
940		2.68
941		2.09
942		2.00
943		2.18
944		2.06
945		1.94
946		2.40
947		2.09
948		2.56
949		2.20
950		1.99
951		2.59
952		2.23
953		2.11
954		3.39
955		2.24
956		1.70
957		2.45
958		2.08
959		1.96
960		2.45
961		2.21
962		2.30
963		2.30
964		2.38
965		2.22
966		2.16
967		24.25
968		1.95
969		5.78
970		2.37
971		2.17
972		2.07
973		1.95
974		3.43
975		2.28
976		2.33
977		2.59
978		2.27
979		2.35
980		2.30
981		2.54
982		2.09
983		2.54
984		2.37
985		2.02
986		2.39
987		2.40
988		2.04
989		2.46
990		2.32
991		2.15
992		2.39
993		2.38
994		2.05
995		2.38
996		2.01
997		2.11
998		2.08
999		2.46
1000		2.25

2560.18
