iter		Latency
1		104.84
2		32.33
3		4.93
4		2.52
5		2.56
6		7.90
7		5.35
8		10.08
9		6.77
10		11.30
11		4.64
12		9.27
13		9.49
14		2.22
15		2.03
16		1.76
17		15.87
18		6.98
19		13.28
20		8.78
21		24.39
22		2.41
23		2.28
24		7.34
25		9.21
26		13.49
27		6.15
28		1.84
29		8.24
30		4.11
31		2.13
32		3.97
33		3.16
34		2.78
35		3.76
36		1.14
37		7.06
38		6.97
39		7.04
40		4.41
41		2.81
42		9.12
43		1.71
44		5.34
45		2.26
46		4.68
47		6.13
48		1.42
49		3.31
50		5.88
51		1.07
52		1.42
53		7.63
54		3.39
55		3.46
56		9.94
57		3.74
58		1.04
59		9.80
60		1.10
61		2.62
62		6.17
63		1.03
64		2.03
65		4.28
66		3.59
67		4.03
68		2.17
69		1.14
70		5.36
71		4.28
72		6.04
73		3.84
74		0.80
75		4.18
76		2.42
77		3.11
78		1.10
79		1.80
80		1.32
81		7.38
82		3.85
83		8.14
84		1.43
85		1.19
86		4.26
87		2.40
88		0.97
89		2.14
90		4.73
91		2.07
92		1.45
93		3.95
94		1.58
95		1.18
96		1.69
97		0.97
98		4.76
99		4.13
100		3.04
101		2.42
102		3.97
103		3.80
104		3.41
105		2.91
106		4.66
107		1938.10
108		7.56
109		17.04
110		17.39
111		1.60
112		5.15
113		2.60
114		7.84
115		15.03
116		2.68
117		1.00
118		1.49
119		10.53
120		1.16
121		9.34
122		3.88
123		11.78
124		1.20
125		2.76
126		5.18
127		9.81
128		0.85
129		2.57
130		2.61
131		6.62
132		5.22
133		19.67
134		6.46
135		31.46
136		2.61
137		1.16
138		9.17
139		9.41
140		15.67
141		3.76
142		40.75
143		15.74
144		3.85
145		21.20
146		6.39
147		3.68
148		7.82
149		17.14
150		23.57
151		7.90
152		7.89
153		9.08
154		9.19
155		35.07
156		3.92
157		15.82
158		25.10
159		7.80
160		2.15
161		32.93
162		2.51
163		7.86
164		27.41
165		14.54
166		2.56
167		5.17
168		6.52
169		14.53
170		3.92
171		2.51
172		4.01
173		9.03
174		3.93
175		2.58
176		3444.15
177		2.62
178		58.68
179		5.69
180		5.23
181		7.96
182		18.22
183		17.56
184		25.24
185		13.14
186		2.95
187		4.33
188		28.44
189		1.84
190		27.73
191		17.45
192		15.30
193		16.33
194		9.81
195		45.70
196		12.18
197		2.05
198		25.60
199		6.87
200		2.58
201		19.75
202		11.83
203		4.61
204		2.21
205		14.02
206		2.18
207		2.35
208		2.71
209		2.08
210		5.15
211		28.99
212		17.97
213		2.33
214		5.21
215		2.51
216		25.13
217		44.11
218		8.11
219		2.62
220		24.66
221		12.65
222		22.82
223		49.22
224		2.82
225		52.48
226		23.87
227		13.14
228		23.30
229		34.25
230		18.89
231		20.06
232		13.17
233		25.78
234		13.53
235		11.72
236		24.18
237		25.78
238		20.83
239		3.01
240		14.17
241		25.32
242		8.17
243		30.33
244		17.79
245		3.70
246		35.37
247		12.96
248		6.71
249		5.63
250		11.00
251		16.04
252		30.05
253		19.45
254		72.40
255		2.89
256		20.26
257		41.03
258		31.29
259		16.57
260		17.11
261		2.51
262		13.79
263		6.37
264		6.38
265		12.60
266		3.02
267		15.13
268		5.94
269		20.57
270		20.73
271		13.04
272		10.57
273		2.52
274		6.00
275		65.84
276		1.78
277		10.24
278		7.65
279		68.19
280		14.94
281		14.70
282		22.76
283		14.25
284		13.42
285		10.04
286		18.48
287		55.83
288		24.62
289		44.68
290		6.51
291		58.94
292		24.05
293		14.29
294		10.69
295		11.53
296		10.91
297		17.46
298		5.60
299		25.06
300		8.89
301		2.51
302		11.68
303		13.93
304		6.73
305		33.11
306		2.67
307		11.21
308		5.61
309		99.67
310		17.90
311		35.95
312		2.51
313		13.03
314		20.58
315		6.53
316		36.09
317		49.55
318		11.92
319		52.01
320		15.34
321		12.28
322		31.89
323		5.90
324		20.79
325		5.98
326		10.62
327		20.96
328		48.34
329		15.63
330		3.12
331		2.76
332		12.58
333		20.57
334		22.60
335		13.56
336		10.05
337		11.76
338		27.90
339		9.23
340		58.29
341		13.53
342		31.18
343		32.88
344		27.83
345		4.53
346		37.32
347		69.48
348		30.43
349		21.88
350		2.47
351		2.86
352		11.29
353		15.75
354		5.95
355		2.96
356		3.23
357		10.11
358		23.28
359		2.79
360		3.06
361		29.16
362		3.03
363		2.80
364		24.23
365		42.73
366		8.24
367		4.59
368		11.46
369		12.40
370		7.23
371		3.78
372		7.35
373		7.38
374		8.72
375		2.07
376		30.34
377		2.11
378		14.71
379		18.94
380		2.25
381		6.59
382		18.96
383		9.68
384		3.14
385		3.62
386		1.76
387		58.05
388		56.99
389		1.71
390		16.74
391		7.75
392		3.74
393		7.09
394		3.11
395		31.45
396		66.32
397		3.02
398		13.26
399		4.39
400		5.11
401		54.47
402		8.37
403		5.59
404		13.43
405		21.86
406		5.09
407		6.88
408		7.03
409		20.81
410		3.64
411		2.11
412		3.21
413		4.83
414		12.61
415		2.88
416		2.50
417		49.24
418		24.73
419		7.32
420		34.37
421		1.94
422		28.02
423		16.85
424		4.19
425		10.49
426		5.72
427		17.52
428		14.70
429		8.94
430		7.04
431		5.06
432		39.67
433		1.97
434		2.67
435		41.15
436		25.72
437		11.73
438		2.86
439		3.07
440		11.22
441		5.34
442		19.51
443		37.52
444		19.84
445		8.55
446		2.80
447		13.09
448		4.11
449		43.64
450		24.21
451		13.34
452		14.56
453		6.54
454		20.03
455		2.54
456		24.97
457		2.11
458		16.79
459		8.43
460		3.03
461		7.15
462		12.19
463		6.18
464		7.83
465		8.71
466		3.52
467		8.88
468		6.57
469		1.60
470		5.57
471		8.94
472		30.90
473		3.19
474		13.73
475		15.98
476		5.56
477		3.69
478		1.99
479		6.65
480		14.84
481		2.26
482		16.49
483		28.80
484		3.16
485		15.51
486		7.01
487		3.36
488		7.63
489		24.00
490		32.10
491		17.43
492		5.65
493		20.22
494		6.83
495		2.25
496		1.94
497		6.37
498		4.56
499		7.70
500		2.47
501		52.15
502		4.06
503		11.52
504		39.09
505		30.71
506		80.89
507		15.11
508		56.79
509		11.20
510		40.30
511		13.52
512		3.54
513		20.64
514		1.93
515		19.97
516		43.77
517		9.54
518		6.26
519		10.78
520		5.22
521		4.07
522		9.70
523		6.55
524		17.78
525		57.97
526		4.06
527		1.80
528		5.72
529		10.62
530		18.51
531		17.36
532		2.51
533		2.95
534		33.49
535		2.59
536		2.96
537		5.40
538		10.72
539		2.30
540		13.33
541		34.82
542		2.18
543		1.48
544		17.08
545		11.66
546		8.10
547		17.76
548		8.96
549		39.38
550		2.49
551		12.06
552		4.40
553		1.99
554		15.60
555		29.89
556		6.23
557		2.88
558		16.92
559		24.51
560		7.32
561		20.15
562		5.21
563		9.56
564		8.27
565		11.65
566		6.71
567		4.72
568		2.41
569		44.09
570		1.96
571		21.14
572		3.33
573		6.51
574		2.24
575		7.81
576		5.93
577		5.49
578		13.89
579		37.62
580		2.81
581		6.42
582		9.20
583		18.14
584		19.21
585		48.45
586		5.48
587		18.26
588		6.95
589		5.43
590		25.95
591		5.07
592		28.32
593		8.96
594		12.78
595		3.77
596		2.54
597		10.79
598		11.96
599		12.40
600		14.10
601		2.80
602		2.13
603		2.32
604		3.46
605		7.22
606		8.42
607		9.32
608		9.68
609		16.52
610		26.03
611		2.53
612		23.30
613		5.56
614		2.95
615		7.18
616		6.24
617		5.53
618		20.27
619		4.06
620		14.38
621		25.11
622		14.22
623		15.04
624		3.40
625		4.64
626		20.25
627		6.61
628		15.51
629		5.92
630		5.22
631		26.66
632		3.72
633		12.82
634		38.06
635		11.78
636		1.96
637		1.90
638		9.74
639		31.61
640		3.72
641		19.13
642		3.06
643		2.44
644		18.79
645		7.71
646		16.08
647		21.29
648		11.26
649		17.81
650		14.54
651		71.23
652		8.23
653		2.05
654		25.26
655		11.83
656		10.85
657		6.96
658		24.44
659		20.98
660		6.31
661		2.82
662		10.18
663		3.24
664		5.19
665		10.34
666		1.82
667		19.39
668		2.67
669		4.54
670		34.62
671		4.10
672		18.87
673		5.41
674		36.22
675		30.49
676		13.98
677		27.17
678		46.44
679		24.06
680		9.08
681		1.13
682		13.05
683		9.74
684		12.31
685		3.42
686		20.75
687		6.74
688		6.80
689		10.06
690		7.32
691		9.96
692		8.85
693		4.71
694		36.00
695		10.49
696		7.53
697		1.93
698		8.54
699		7.26
700		16.82
701		25.08
702		10.01
703		7.87
704		54.93
705		16.53
706		11.30
707		23.73
708		3.13
709		18.09
710		7.28
711		9.41
712		16.77
713		4.89
714		3.30
715		8.26
716		5.40
717		9.06
718		7.52
719		11.29
720		6.71
721		2.69
722		2.20
723		3.20
724		2.05
725		15.32
726		7.53
727		4.75
728		5.91
729		23.85
730		15.61
731		5.12
732		9.64
733		4.81
734		36.19
735		17.75
736		3.46
737		5.02
738		7.39
739		8.94
740		7.48
741		22.38
742		5.04
743		11.95
744		58.00
745		26.73
746		37.01
747		46.13
748		30.01
749		3.04
750		11.84
751		7.29
752		57.79
753		3.85
754		3.71
755		1.95
756		8.46
757		9.82
758		1.73
759		5.77
760		12.50
761		16.07
762		6.14
763		13.32
764		28.56
765		8.10
766		4.03
767		9.59
768		5.59
769		8.25
770		18.03
771		18.31
772		8.57
773		4.22
774		7.44
775		23.66
776		13.71
777		39.14
778		44.25
779		6.29
780		10.42
781		3.30
782		17.46
783		2.80
784		5.79
785		12.55
786		28.76
787		17.11
788		18.14
789		12.86
790		1.93
791		8.22
792		8.76
793		38.37
794		17.82
795		5.28
796		24.17
797		56.93
798		35.08
799		6.61
800		14.21
801		19.76
802		15.89
803		12.71
804		5.57
805		5.57
806		2.86
807		5.59
808		14.23
809		40.77
810		12.29
811		26.30
812		2.95
813		13.09
814		44.79
815		2.83
816		18.04
817		12.74
818		5.09
819		2.19
820		21.74
821		16.16
822		13.17
823		18.59
824		2.58
825		23.23
826		13.86
827		35.16
828		5.54
829		3.45
830		13.03
831		7.26
832		2.44
833		3.49
834		10.11
835		2.09
836		4.91
837		7.24
838		3.09
839		6.46
840		4.39
841		5.55
842		11.38
843		17.40
844		2.26
845		10.81
846		13.83
847		2.05
848		3.18
849		13.36
850		20.15
851		7.25
852		22.91
853		11.51
854		19.23
855		8.19
856		8.35
857		62.19
858		8.48
859		9.01
860		19.90
861		17.12
862		10.54
863		32.74
864		6.72
865		24.58
866		14.94
867		7.12
868		28.82
869		6.43
870		17.76
871		2.24
872		13.17
873		4.42
874		21.03
875		4.12
876		2.67
877		18.00
878		9.08
879		8.95
880		24.79
881		6.64
882		9.62
883		31.80
884		17.13
885		13.23
886		2.61
887		3.53
888		1.62
889		23.94
890		8.53
891		21.65
892		4.58
893		2.41
894		2.58
895		26.28
896		5.57
897		6.76
898		54.33
899		5.73
900		1.95
901		6.32
902		12.31
903		36.40
904		7.90
905		4.31
906		3.75
907		4.60
908		5.87
909		5.81
910		8.62
911		1.84
912		2.71
913		3.21
914		8.65
915		31.20
916		28.09
917		11.25
918		16.70
919		17.21
920		8.86
921		10.88
922		2.03
923		5.83
924		16.54
925		5.15
926		14.51
927		10.59
928		3.10
929		20.06
930		5.37
931		2.10
932		2.17
933		11.34
934		16.43
935		61.73
936		16.86
937		12.00
938		6.81
939		4.50
940		26.03
941		19.66
942		2.71
943		9.80
944		1.93
945		7.14
946		14.90
947		6.64
948		6.69
949		11.21
950		7.58
951		4.75
952		16.24
953		14.42
954		6.61
955		10.23
956		7.86
957		31.48
958		2.52
959		7.09
960		7.47
961		10.93
962		28.93
963		11.23
964		6.27
965		9.16
966		1.90
967		14.18
968		1.96
969		5.95
970		1.00
971		1.37
972		8.79
973		3.24
974		2.61
975		2.09
976		2.78
977		3.25
978		2.19
979		2.23
980		7.20
981		1.37
982		6.51
983		1.81
984		1.74
985		2.20
986		3.25
987		1.23
988		1.08
989		5.93
990		5.03
991		2.51
992		5.71
993		4.70
994		9.28
995		5.23
996		7.94
997		16.31
998		17.74
999		11.76
1000		9.21

18338.22
