iter		Latency
1		3.59
2		4.80
3		6.50
4		3.04
5		6.22
6		2.08
7		9.16
8		4.02
9		12.71
10		37.61
11		10.22
12		6.88
13		3.47
14		2.72
15		20.72
16		41.79
17		7.16
18		16.74
19		2.90
20		21.17
21		22.96
22		3.05
23		38.31
24		10.35
25		16.68
26		10.68
27		6.94
28		35.10
29		13.08
30		12.60
31		3.42
32		11.98
33		3.37
34		2.96
35		6.82
36		5.56
37		6.37
38		2.87
39		44.30
40		7.96
41		12.74
42		3.11
43		6.03
44		2.02
45		3.27
46		5.44
47		14.01
48		14.25
49		5.56
50		24.62
51		33.20
52		13.11
53		9.44
54		22.45
55		3.37
56		2.59
57		17.20
58		10.23
59		11.28
60		2.00
61		1.81
62		6.04
63		26.66
64		5.62
65		2.29
66		2.04
67		2.45
68		2.77
69		16.79
70		26.83
71		14.59
72		24.48
73		9.27
74		6.01
75		2.39
76		6.57
77		6.02
78		11.41
79		29.63
80		16.12
81		4.30
82		2.89
83		2.77
84		4.69
85		4.68
86		6.76
87		21.45
88		16.37
89		6.93
90		39.37
91		9.93
92		9.56
93		22.84
94		2.97
95		19.61
96		4.59
97		3.05
98		15.12
99		11.19
100		15.67
101		3.35
102		2.32
103		9.48
104		2.95
105		32.21
106		10.74
107		6.02
108		36.67
109		31.19
110		8.09
111		28.69
112		3.55
113		3.74
114		6.31
115		18.32
116		58.01
117		28.50
118		6.79
119		22.37
120		11.41
121		10.87
122		20.84
123		3.13
124		18.00
125		6.07
126		16.69
127		28.31
128		3.46
129		10.55
130		37.80
131		22.84
132		11.15
133		6.82
134		10.50
135		15.32
136		1.35
137		6.86
138		3.35
139		8.28
140		18.45
141		10.33
142		5.57
143		6.98
144		3.93
145		2.99
146		13.28
147		8.93
148		26.92
149		11.14
150		31.50
151		2.80
152		2.16
153		12.93
154		14.92
155		3.18
156		3.27
157		19.37
158		2.27
159		2.02
160		63.09
161		7.01
162		41.08
163		3.16
164		14.94
165		16.79
166		38.62
167		32.26
168		4.23
169		16.00
170		32.18
171		12.58
172		5.56
173		44.28
174		18.14
175		21.32
176		5.62
177		28.73
178		4.22
179		13.23
180		10.05
181		1.87
182		17.64
183		3.44
184		25.62
185		3.51
186		16.27
187		6.53
188		5.24
189		3.66
190		3.12
191		7.73
192		6.38
193		6.80
194		12.92
195		24.91
196		39.28
197		52.66
198		3.32
199		11.66
200		6.01
201		8.93
202		8.94
203		20.75
204		6.17
205		11.67
206		6.74
207		6.14
208		3.37
209		1.88
210		2.23
211		12.39
212		12.77
213		2.87
214		6.52
215		25.18
216		9.46
217		17.95
218		12.01
219		3.31
220		17.24
221		2.54
222		2.97
223		11.74
224		13.18
225		17.35
226		2.93
227		6.64
228		15.43
229		2.46
230		26.28
231		8.78
232		2.85
233		14.18
234		46.76
235		14.56
236		6.75
237		12.33
238		2.84
239		3.73
240		16.13
241		20.31
242		4.25
243		2.70
244		2.96
245		10.63
246		33.64
247		15.72
248		44.51
249		14.66
250		35.24
251		14.00
252		6.12
253		51.77
254		7.47
255		34.24
256		12.10
257		36.59
258		19.48
259		21.35
260		28.05
261		3.18
262		2.61
263		15.36
264		17.14
265		105.43
266		7.54
267		5.31
268		2.13
269		2.68
270		2.17
271		2.64
272		26.56
273		29.36
274		8.76
275		16.55
276		3.04
277		3.07
278		2.65
279		8.69
280		27.49
281		4.39
282		1.71
283		3.27
284		2.02
285		8.60
286		3.87
287		8.98
288		4.84
289		7.93
290		11.08
291		26.21
292		9.73
293		20.20
294		2.65
295		20.69
296		2.80
297		15.91
298		3.12
299		8.43
300		10.75
301		24.77
302		34.59
303		5.80
304		15.52
305		13.52
306		3.13
307		6.63
308		21.87
309		2.84
310		2.06
311		4.66
312		15.33
313		5.55
314		2.25
315		10.84
316		3.67
317		4.28
318		19.53
319		20.66
320		7.66
321		6.88
322		18.31
323		2.43
324		42.44
325		7.67
326		3.72
327		9.84
328		6.42
329		20.01
330		2.76
331		15.09
332		77.58
333		3.29
334		2.25
335		12.72
336		11.79
337		16.57
338		4.01
339		40.85
340		15.41
341		14.77
342		2.56
343		4.80
344		4.24
345		14.26
346		25.54
347		3.85
348		6.91
349		3.87
350		25.71
351		19.34
352		90.99
353		2.92
354		15.89
355		15.77
356		3.19
357		11.71
358		8.50
359		3.07
360		27.10
361		13.30
362		1.81
363		16.29
364		1.97
365		8.66
366		4.76
367		8.78
368		10.41
369		17.86
370		11.84
371		4.21
372		2.93
373		12.64
374		3.26
375		12.25
376		7.45
377		2.36
378		2.98
379		28.32
380		14.66
381		3.06
382		15.13
383		18.64
384		15.10
385		5.18
386		4.99
387		18.35
388		2.60
389		47.95
390		11.28
391		2.47
392		50.27
393		16.15
394		21.51
395		3.43
396		32.90
397		2.55
398		21.50
399		60.93
400		10.08
401		11.77
402		2.43
403		22.80
404		5.29
405		8.27
406		4.67
407		14.89
408		13.13
409		15.93
410		3.96
411		4.06
412		32.89
413		10.49
414		24.54
415		3.69
416		26.53
417		10.56
418		2.23
419		1.61
420		10.45
421		22.66
422		15.78
423		14.23
424		40.61
425		2.87
426		11.89
427		5.76
428		7.71
429		9.44
430		8.60
431		5.67
432		23.50
433		17.07
434		6.17
435		3.40
436		4.61
437		30.01
438		3.06
439		28.63
440		1.86
441		11.37
442		1.81
443		5.89
444		48.03
445		6.63
446		2.78
447		8.82
448		4.25
449		9.11
450		10.10
451		15.64
452		2.99
453		2.08
454		10.62
455		3.78
456		13.10
457		5.98
458		2.11
459		2.73
460		10.38
461		6.74
462		25.41
463		12.32
464		3.76
465		2.77
466		2.50
467		2.03
468		14.61
469		3.01
470		1.71
471		7.49
472		5.43
473		32.62
474		7.61
475		9.41
476		18.00
477		7.24
478		8.34
479		24.01
480		3.36
481		5.42
482		3.73
483		9.38
484		2.94
485		8.05
486		17.54
487		14.80
488		9.36
489		22.65
490		4.73
491		16.46
492		4.70
493		2.44
494		9.84
495		15.93
496		10.44
497		3.35
498		13.72
499		19.35
500		8.19
501		11.79
502		8.95
503		1.84
504		11.31
505		19.40
506		3.18
507		16.48
508		9.25
509		2.28
510		10.47
511		2.48
512		2.14
513		2.25
514		2.02
515		21.54
516		27.79
517		1.94
518		3.58
519		6.28
520		14.96
521		15.23
522		7.76
523		1.97
524		2.77
525		26.96
526		19.63
527		11.03
528		6.74
529		14.07
530		5.35
531		9.96
532		3.40
533		30.38
534		29.45
535		2.81
536		3.28
537		10.78
538		17.01
539		5.20
540		2.00
541		30.46
542		14.91
543		23.21
544		21.31
545		24.60
546		17.94
547		14.14
548		10.48
549		5.87
550		4.70
551		9.88
552		10.74
553		9.55
554		9.75
555		66.51
556		10.33
557		7.80
558		5.93
559		9.60
560		13.93
561		9.67
562		3.33
563		8.24
564		5.82
565		6.30
566		3.44
567		7.92
568		8.79
569		15.11
570		18.58
571		41.98
572		16.68
573		62.11
574		5.59
575		2.48
576		43.41
577		10.12
578		5.56
579		2.14
580		2.06
581		8.83
582		5.87
583		2.91
584		5.09
585		20.86
586		4.88
587		20.35
588		34.93
589		19.19
590		2.34
591		2.67
592		18.48
593		2.84
594		8.27
595		6.22
596		3.45
597		27.48
598		1.96
599		6.12
600		6.00
601		8.21
602		5.51
603		14.28
604		11.44
605		16.95
606		16.41
607		5.38
608		17.11
609		5.43
610		2.84
611		7.82
612		6.51
613		2.57
614		2.91
615		6.19
616		2.79
617		11.82
618		2.88
619		17.74
620		2.02
621		3.16
622		6.58
623		2.46
624		14.44
625		20.39
626		11.73
627		8.18
628		2.29
629		9.69
630		22.84
631		4.83
632		13.05
633		4.71
634		3.67
635		6.56
636		14.92
637		9.01
638		5.52
639		1.66
640		2.28
641		4.47
642		8.73
643		17.93
644		12.22
645		16.57
646		5.24
647		2.95
648		15.25
649		8.00
650		5.39
651		10.83
652		17.87
653		29.70
654		13.71
655		14.06
656		6.45
657		8.13
658		2.46
659		11.52
660		10.76
661		3.75
662		3.72
663		17.62
664		2.91
665		4.98
666		9.71
667		5.47
668		13.06
669		10.87
670		18.08
671		5.24
672		16.52
673		16.49
674		11.58
675		25.99
676		4.27
677		13.62
678		2.71
679		2.57
680		6.00
681		2.22
682		1.67
683		11.24
684		17.98
685		5.69
686		2.26
687		5.83
688		3.51
689		1.95
690		2.27
691		1.74
692		11.10
693		2.58
694		14.46
695		28.41
696		19.29
697		2.72
698		8.19
699		2.18
700		33.37
701		25.70
702		12.75
703		5.37
704		6.94
705		4.64
706		2.08
707		5.47
708		2.46
709		7.99
710		5.36
711		1.95
712		15.23
713		5.32
714		3.08
715		11.17
716		5.80
717		12.83
718		11.42
719		4.35
720		7.40
721		2.07
722		2.33
723		5.56
724		7.64
725		22.97
726		18.00
727		3.46
728		2.57
729		2.15
730		32.20
731		3.19
732		14.82
733		20.76
734		2.65
735		8.97
736		6.29
737		9.84
738		9.99
739		3.50
740		1.68
741		4.28
742		40.78
743		8.95
744		2.59
745		2.62
746		3.34
747		4.75
748		32.09
749		2.48
750		1.87
751		22.33
752		7.41
753		7.89
754		6.94
755		7.60
756		3.55
757		5.99
758		17.22
759		16.02
760		2.55
761		19.95
762		8.62
763		4.27
764		3.56
765		17.46
766		2.99
767		11.46
768		2.38
769		1.69
770		5.42
771		2.69
772		2.54
773		4.85
774		5.32
775		2.46
776		2.39
777		37.65
778		5.22
779		2.68
780		3.41
781		15.37
782		2.36
783		26.40
784		9.23
785		3.97
786		23.98
787		2.60
788		11.21
789		2.78
790		4.39
791		30.71
792		18.48
793		5.20
794		2.76
795		25.68
796		11.06
797		4.14
798		1.86
799		10.84
800		23.74
801		2.12
802		10.98
803		11.27
804		11.01
805		4.23
806		5.93
807		1.83
808		8.01
809		17.02
810		11.01
811		10.50
812		11.06
813		2.69
814		1.74
815		1.80
816		1.97
817		2.03
818		1.42
819		4.84
820		5.77
821		4.88
822		30.11
823		2.89
824		3.40
825		13.47
826		2.02
827		1.84
828		5.52
829		41.82
830		15.52
831		23.03
832		2.85
833		2.69
834		7.70
835		1.80
836		5.47
837		2.41
838		10.01
839		2.42
840		26.60
841		15.81
842		9.11
843		3.06
844		4.87
845		9.97
846		9.51
847		5.67
848		3.21
849		8.05
850		10.68
851		12.46
852		5.41
853		9.03
854		5.99
855		4.93
856		11.81
857		7.83
858		3.18
859		16.76
860		1.88
861		6.72
862		5.00
863		2.59
864		1.93
865		7.93
866		16.44
867		3.70
868		17.12
869		5.26
870		8.83
871		7.46
872		12.56
873		9.45
874		5.77
875		5.04
876		9.29
877		16.80
878		11.81
879		2.92
880		12.12
881		3.13
882		2.77
883		9.14
884		33.95
885		2.81
886		29.44
887		10.04
888		7.66
889		2.64
890		13.70
891		16.26
892		5.74
893		4.89
894		4.50
895		2.79
896		7.47
897		3.63
898		2.77
899		12.03
900		1.58
901		3.04
902		13.97
903		1.91
904		1.98
905		2.10
906		7.33
907		8.54
908		11.54
909		27.14
910		10.98
911		2.48
912		5.55
913		4.94
914		2.08
915		17.87
916		4.85
917		1.93
918		15.30
919		14.23
920		13.54
921		3.32
922		5.48
923		32.31
924		2.65
925		9.57
926		7.14
927		2.32
928		15.82
929		4.17
930		20.21
931		4.31
932		6.02
933		2.47
934		10.90
935		4.92
936		2.05
937		9.45
938		2.67
939		8.46
940		3.91
941		9.32
942		11.91
943		6.58
944		4.23
945		5.15
946		2.86
947		8.89
948		9.80
949		5.41
950		6.38
951		2.97
952		18.16
953		2.71
954		1.67
955		5.36
956		10.38
957		2.57
958		1.57
959		2.03
960		1.68
961		12.01
962		2.12
963		13.31
964		2.79
965		1.87
966		2.17
967		1.98
968		2.68
969		4.75
970		2.27
971		2.55
972		2.81
973		8.40
974		1.75
975		2.36
976		3.32
977		2.16
978		1.77
979		2.89
980		3.00
981		2.28
982		1.68
983		2.46
984		2.23
985		2.06
986		1.96
987		2.29
988		1.72
989		2.32
990		1.82
991		2.39
992		1.81
993		2.16
994		1.93
995		1.97
996		1.79
997		2.05
998		1.72
999		2.41
1000		1.51

11054.99
