iter		Latency
1		1789.42
2		11.65
3		25.90
4		4.39
5		3.13
6		2.43
7		10.80
8		1.20
9		7.00
10		10.34
11		5.28
12		18.04
13		5.29
14		12.98
15		10.31
16		10.65
17		14.43
18		9.04
19		17.00
20		9.17
21		1.11
22		9.15
23		1.28
24		13.21
25		1.20
26		40.75
27		13.17
28		5.18
29		2.60
30		3.89
31		1.19
32		3.96
33		5.75
34		8.67
35		5.14
36		5.23
37		5.34
38		5.14
39		2.75
40		9.78
41		0.82
42		15.22
43		11.71
44		5.31
45		1.11
46		21.14
47		3.85
48		6.49
49		5.17
50		9.18
51		3.87
52		5.15
53		15.97
54		1.44
55		2.62
56		13.51
57		1.33
58		10.61
59		22.38
60		2.61
61		5.22
62		2.72
63		7.18
64		4.47
65		9.17
66		2.50
67		10.66
68		2.47
69		13.09
70		7.82
71		1.07
72		5.46
73		1.09
74		4.15
75		5.20
76		1.15
77		5.43
78		11.71
79		7.85
80		5.10
81		6.76
82		3.84
83		2.72
84		16.97
85		5.05
86		10.58
87		3442.43
88		33.96
89		4.90
90		16.67
91		2.34
92		11.51
93		17.43
94		15.56
95		7.77
96		8.24
97		7.84
98		9.14
99		2.54
100		58.40
101		2.31
102		11.32
103		44.80
104		35.95
105		27.83
106		7.57
107		5.20
108		15.42
109		2.30
110		2.28
111		39.56
112		16.81
113		6.33
114		7.01
115		32.90
116		2.75
117		116.14
118		11.59
119		48.86
120		23.03
121		25.24
122		36.14
123		5.62
124		11.98
125		9.72
126		6.59
127		36.61
128		3.60
129		8.60
130		5.17
131		9.37
132		31.54
133		12.46
134		35.37
135		2.89
136		5.89
137		4.99
138		8.98
139		25.81
140		64.55
141		43.86
142		46.55
143		22.92
144		30.72
145		2.15
146		24.22
147		28.32
148		6.06
149		13.69
150		2.97
151		13.32
152		14.77
153		33.45
154		2.46
155		21.44
156		29.27
157		19.76
158		7.64
159		40.25
160		3.20
161		14.96
162		64.06
163		42.97
164		2.46
165		26.57
166		14.48
167		12.19
168		47.93
169		77.01
170		14.23
171		34.30
172		2.47
173		53.72
174		61.58
175		13.34
176		9.10
177		4.10
178		13.49
179		36.50
180		2.70
181		17.18
182		41.61
183		14.31
184		2.48
185		3.85
186		13.14
187		6.57
188		28.99
189		14.93
190		56.03
191		24.21
192		2.46
193		30.61
194		3.44
195		60.03
196		13.28
197		23.95
198		12.44
199		10.17
200		14.32
201		12.07
202		33.55
203		32.97
204		8.61
205		12.91
206		48.21
207		5.78
208		5.76
209		10.92
210		9.32
211		28.93
212		29.08
213		21.29
214		31.83
215		15.85
216		28.71
217		39.14
218		10.49
219		30.71
220		20.58
221		48.44
222		8.84
223		52.69
224		10.25
225		23.33
226		26.37
227		6.84
228		40.12
229		46.53
230		18.48
231		29.31
232		17.41
233		13.72
234		16.97
235		60.78
236		27.42
237		30.48
238		51.09
239		25.85
240		6.21
241		56.56
242		4.67
243		38.47
244		74.71
245		49.91
246		68.72
247		2.85
248		3.73
249		2.90
250		40.49
251		48.80
252		0.97
253		1.68
254		1.56
255		1.62
256		2.00
257		3.27
258		11.39
259		11.29
260		16.05
261		6.98
262		12.06
263		14.62
264		28.42
265		3.00
266		62.06
267		2.77
268		2.60
269		4.34
270		73.37
271		95.96
272		7.03
273		2.75
274		1.10
275		35.47
276		8.91
277		6.89
278		6.12
279		56.45
280		34.16
281		28.05
282		16.66
283		25.88
284		8.00
285		14.66
286		2.08
287		2.81
288		5.92
289		23.66
290		12.75
291		3.17
292		11.55
293		10.02
294		11.88
295		33.80
296		29.83
297		2.29
298		5.38
299		7.54
300		24.03
301		6.57
302		9.98
303		6.79
304		11.44
305		11.95
306		27.52
307		4.60
308		3.29
309		13.92
310		8.22
311		32.98
312		8.70
313		20.18
314		52.81
315		77.38
316		36.17
317		4.21
318		34.70
319		2.26
320		4.35
321		2.38
322		4.78
323		11.89
324		8.16
325		12.20
326		51.13
327		9.81
328		38.33
329		6.85
330		42.88
331		9.15
332		36.05
333		2.56
334		3.21
335		7.44
336		14.17
337		4.65
338		3.82
339		2.87
340		17.33
341		13.60
342		25.52
343		7.93
344		12.93
345		21.28
346		25.33
347		18.67
348		4.43
349		4.28
350		2.81
351		3.26
352		12.84
353		7.71
354		55.02
355		9.05
356		31.44
357		12.66
358		7.35
359		5.49
360		2.14
361		6.27
362		14.84
363		2.96
364		12.93
365		2.13
366		15.55
367		2.09
368		15.89
369		21.65
370		15.05
371		5.28
372		3.00
373		77.29
374		27.30
375		24.38
376		3.94
377		2.85
378		7.16
379		6.08
380		2.50
381		7.75
382		2.37
383		19.47
384		2.40
385		5.42
386		11.36
387		12.91
388		10.03
389		8.19
390		19.82
391		5.90
392		6.26
393		6.47
394		33.44
395		3.75
396		5.09
397		69.67
398		43.96
399		11.78
400		4.80
401		11.44
402		19.47
403		4.87
404		17.50
405		2.55
406		6.30
407		53.66
408		15.73
409		7.30
410		2.72
411		6.54
412		1.81
413		2.47
414		12.12
415		2.15
416		5.44
417		13.51
418		9.13
419		3.07
420		32.73
421		4.91
422		1.17
423		32.49
424		5.38
425		44.21
426		4.76
427		10.89
428		20.09
429		5.42
430		5.76
431		5.47
432		3.85
433		10.46
434		12.57
435		16.55
436		16.11
437		2.12
438		5.49
439		8.34
440		34.43
441		6.41
442		2.76
443		7.50
444		30.95
445		12.84
446		1.53
447		14.48
448		13.41
449		7.24
450		31.98
451		16.32
452		17.62
453		2.76
454		2.22
455		5.45
456		58.82
457		35.98
458		12.88
459		10.78
460		5.80
461		10.07
462		12.58
463		6.89
464		27.37
465		14.98
466		32.47
467		29.32
468		2.12
469		2.78
470		4.76
471		4.89
472		3.16
473		32.09
474		5.29
475		2.38
476		2.33
477		31.35
478		25.02
479		10.10
480		2.74
481		6.89
482		77.02
483		1.58
484		10.98
485		3.57
486		46.39
487		32.52
488		8.18
489		5.89
490		123.16
491		22.86
492		7.84
493		17.98
494		30.11
495		15.69
496		5.23
497		18.49
498		2.96
499		30.62
500		62.31
501		15.77
502		10.75
503		18.11
504		4.78
505		62.79
506		44.07
507		4.72
508		7.82
509		12.01
510		2.96
511		5.43
512		34.45
513		57.93
514		16.23
515		14.51
516		2.48
517		12.22
518		5.47
519		2.38
520		21.10
521		68.27
522		35.27
523		34.50
524		53.66
525		159.67
526		45.76
527		9.73
528		21.27
529		4.32
530		2.96
531		11.10
532		21.65
533		1.44
534		5.77
535		5.74
536		20.21
537		48.91
538		10.79
539		3.15
540		9.02
541		42.62
542		44.24
543		13.88
544		16.25
545		32.74
546		47.19
547		86.22
548		24.39
549		11.37
550		9.40
551		10.93
552		14.16
553		4.01
554		7.53
555		3.33
556		8.33
557		12.81
558		4.13
559		5.07
560		12.66
561		27.51
562		3.01
563		1.98
564		20.69
565		14.86
566		3.39
567		8.63
568		32.01
569		2.32
570		11.33
571		54.28
572		2.99
573		9.06
574		2.03
575		43.98
576		10.89
577		5.72
578		16.67
579		24.54
580		12.68
581		16.78
582		20.84
583		35.91
584		16.06
585		17.43
586		2.24
587		20.42
588		7.75
589		18.61
590		2.64
591		2.57
592		10.45
593		2.88
594		2.30
595		29.07
596		27.42
597		96.00
598		6.24
599		21.64
600		29.72
601		7.40
602		48.82
603		2.42
604		9.04
605		10.66
606		9.62
607		8.77
608		27.52
609		18.76
610		45.28
611		10.41
612		9.68
613		8.03
614		2.77
615		13.94
616		24.91
617		5.28
618		34.63
619		53.45
620		6.45
621		4.13
622		1.93
623		2.40
624		2.98
625		8.39
626		41.60
627		8.67
628		3.10
629		27.78
630		33.26
631		14.02
632		33.26
633		8.00
634		30.31
635		39.08
636		18.70
637		61.57
638		5.94
639		13.63
640		20.64
641		9.12
642		5.61
643		5.84
644		7.86
645		43.21
646		5.42
647		18.21
648		26.69
649		10.37
650		3.01
651		8.01
652		14.79
653		6.60
654		29.45
655		15.76
656		18.74
657		30.86
658		13.74
659		5.34
660		5.28
661		13.29
662		50.67
663		54.95
664		5.38
665		5.24
666		23.87
667		69.34
668		26.03
669		14.83
670		19.79
671		23.23
672		3.16
673		5.29
674		5.93
675		10.17
676		10.36
677		8.00
678		19.72
679		5.36
680		10.30
681		26.72
682		10.95
683		15.51
684		23.16
685		13.07
686		3.49
687		17.17
688		10.33
689		15.98
690		15.29
691		5.87
692		58.31
693		35.90
694		6.82
695		16.76
696		12.38
697		4.31
698		23.78
699		1.88
700		4.47
701		2.08
702		5.34
703		9.89
704		9.66
705		2.00
706		5.27
707		5.53
708		1.14
709		2.15
710		0.95
711		3.20
712		2.00
713		2.69
714		1.15
715		2.43
716		1.55
717		1.19
718		3.01
719		1.64
720		5.71
721		2.37
722		4.57
723		2.46
724		1.51
725		3.24
726		1.78
727		0.84
728		1.73
729		1.85
730		3.96
731		0.95
732		1.82
733		0.82
734		15.21
735		23.67
736		6.49
737		2.56
738		1.18
739		14.54
740		11.86
741		7.80
742		18.35
743		17.13
744		1.28
745		1.13
746		2.78
747		19.59
748		1.18
749		2.71
750		64.71
751		3.03
752		3.13
753		4.04
754		3.15
755		5.08
756		2.05
757		3.00
758		1.47
759		3.52
760		11.67
761		2.64
762		2.59
763		2.53
764		3.84
765		1.18
766		1.38
767		4.07
768		10.66
769		15.86
770		1.96
771		3.25
772		14.53
773		0.78
774		15.28
775		2.78
776		4.46
777		2.45
778		3.76
779		7.65
780		3.71
781		5.51
782		4.75
783		10.57
784		2.76
785		9.58
786		2.93
787		1.03
788		2.17
789		8.09
790		1.27
791		3.97
792		1.19
793		0.91
794		3.24
795		1.18
796		3.33
797		3.86
798		8.48
799		1.04
800		3.41
801		4.53
802		4.16
803		2.08
804		7.79
805		4.36
806		0.93
807		1.45
808		2.31
809		1.65
810		1.54
811		4.66
812		2.55
813		3.09
814		2.22
815		0.85
816		2.30
817		2.54
818		5.36
819		5.94
820		3.49
821		1.11
822		2.46
823		2.74
824		3.64
825		1.06
826		2.29
827		3.99
828		3.56
829		3.47
830		2.57
831		3.13
832		1.54
833		1.57
834		1.56
835		3.89
836		4.01
837		0.96
838		4.09
839		1.24
840		2.23
841		2.18
842		2.09
843		2.82
844		3.09
845		3.56
846		3.04
847		4.55
848		2.78
849		1.44
850		2.44
851		1.07
852		1.56
853		3.85
854		2.49
855		1.66
856		1.63
857		1.64
858		1.72
859		1.04
860		3.05
861		2.28
862		4.52
863		8.78
864		6.99
865		1.44
866		1.74
867		0.97
868		3.38
869		6.21
870		1.05
871		2.09
872		2.01
873		0.91
874		4.17
875		5.08
876		2.42
877		3.92
878		1.75
879		4.36
880		2.57
881		3.15
882		6.58
883		2.01
884		3.12
885		3.06
886		4.18
887		3.33
888		3.18
889		3.04
890		3.65
891		3.22
892		3.20
893		3.18
894		3.44
895		3.09
896		3.04
897		3.09
898		3.06
899		3.06
900		3.65
901		3.25
902		3.34
903		3.77
904		3.10
905		2.17
906		0.78
907		3.21
908		3.06
909		3.09
910		9.18
911		3.13
912		2.11
913		0.84
914		3.01
915		3.08
916		2.17
917		3.04
918		0.85
919		3.48
920		3.41
921		2.87
922		3.09
923		3.08
924		3.08
925		3.27
926		3.69
927		3.18
928		3.20
929		3.20
930		3.14
931		3.11
932		2.11
933		6.13
934		3.69
935		3.12
936		3.77
937		3.14
938		3.16
939		3.16
940		2.34
941		3.89
942		2.07
943		0.83
944		3.09
945		2.32
946		0.71
947		2.19
948		3.10
949		3.98
950		1.87
951		1.04
952		2.90
953		3.58
954		2.85
955		2.88
956		2.85
957		2.98
958		2.84
959		2.84
960		2.85
961		2.88
962		2.85
963		2.85
964		2.85
965		3.02
966		2.93
967		2.85
968		2.85
969		2.86
970		2.85
971		2.86
972		3.07
973		2.88
974		2.85
975		2.85
976		2.85
977		2.86
978		2.86
979		2.85
980		2.86
981		2.86
982		2.85
983		2.85
984		2.85
985		3.52
986		2.85
987		2.90
988		2.88
989		2.92
990		2.85
991		2.85
992		2.84
993		2.85
994		2.87
995		2.85
996		2.85
997		2.87
998		2.95
999		2.86
1000		2.85

18530.42
