iter		Latency
1		42.19
2		20.69
3		12.15
4		35.79
5		7.31
6		13.78
7		43.49
8		6.48
9		1.57
10		4.47
11		4.60
12		11.01
13		10.49
14		4.10
15		12.23
16		16.01
17		7.16
18		7.08
19		1.83
20		4.16
21		3.06
22		0.77
23		1.25
24		1.66
25		1.40
26		2.35
27		3.62
28		2.70
29		1.50
30		1.62
31		1.42
32		2.41
33		2.77
34		1.16
35		2.61
36		1.06
37		2.56
38		4.33
39		2.79
40		2.80
41		1.40
42		1.64
43		5.15
44		3.98
45		2.78
46		2.26
47		4.03
48		1.23
49		8.16
50		3.22
51		1.28
52		3.94
53		1.96
54		3.38
55		2.83
56		1.38
57		1.68
58		1.36
59		3.70
60		1.05
61		1.11
62		2.78
63		3.04
64		1.45
65		3.39
66		2.01
67		1.42
68		2.57
69		3.45
70		4.19
71		7.25
72		5.88
73		3.06
74		1.15
75		6.01
76		1.15
77		1.58
78		3.81
79		4.43
80		3.48
81		3.51
82		0.83
83		5.16
84		4.38
85		2.99
86		0.76
87		3.08
88		7.79
89		11.71
90		0.75
91		2.30
92		2.80
93		1.16
94		1.96
95		1.37
96		1.32
97		6.13
98		3.96
99		3.27
100		2.52
101		2.84
102		1.47
103		5.85
104		8.25
105		1.34
106		5.19
107		4.24
108		2.81
109		1.09
110		1.29
111		2.67
112		3.85
113		2.42
114		4.72
115		1.99
116		1909.83
117		22.94
118		20.58
119		13.35
120		2.12
121		13.50
122		4.14
123		6.48
124		2.52
125		5.64
126		6.76
127		3.95
128		14.00
129		1.52
130		8.01
131		1.03
132		5.32
133		15.76
134		18.85
135		1.89
136		4.35
137		2.60
138		2.58
139		1.13
140		11.94
141		2.49
142		11.89
143		5.24
144		6.56
145		3.98
146		26.17
147		7.85
148		13.23
149		7.72
150		2.63
151		5.99
152		17.56
153		2.51
154		1.11
155		7.99
156		19.78
157		5.08
158		4.09
159		6.49
160		14.42
161		19.62
162		3.99
163		1.27
164		1.09
165		5.48
166		3.85
167		6.65
168		19.65
169		22.16
170		6.65
171		5.25
172		15.20
173		22.41
174		4.41
175		6.11
176		9.18
177		1.18
178		2.79
179		1.17
180		5.24
181		2.85
182		10.37
183		20.95
184		3.75
185		1.33
186		1.27
187		1.33
188		2.80
189		2.50
190		2.64
191		10.35
192		5.26
193		5.26
194		6.45
195		3.83
196		10.56
197		5.26
198		7.74
199		2.80
200		1.15
201		4.08
202		16.93
203		1.19
204		3.90
205		7.53
206		4.38
207		18.21
208		3439.38
209		22.39
210		12.95
211		4.95
212		21.55
213		44.93
214		35.50
215		7.45
216		12.16
217		2.79
218		7.77
219		3.01
220		2.85
221		27.76
222		13.66
223		5.77
224		11.57
225		2.02
226		2.32
227		2.23
228		11.44
229		2.10
230		22.96
231		15.95
232		12.65
233		191.64
234		10.63
235		18.49
236		7.25
237		10.59
238		13.38
239		29.89
240		2.51
241		12.23
242		3.12
243		40.60
244		6.94
245		11.40
246		2.77
247		56.82
248		39.79
249		12.72
250		13.16
251		25.27
252		3.88
253		4.77
254		3.67
255		17.10
256		58.28
257		10.19
258		30.69
259		31.46
260		17.22
261		23.74
262		6.68
263		10.43
264		6.13
265		55.05
266		4.36
267		35.12
268		12.99
269		9.98
270		33.60
271		19.49
272		17.03
273		27.73
274		16.74
275		16.21
276		11.44
277		10.02
278		11.63
279		10.60
280		15.18
281		4.69
282		6.18
283		12.58
284		5.86
285		7.03
286		14.73
287		83.63
288		62.03
289		53.86
290		16.72
291		11.19
292		9.92
293		3.33
294		2.32
295		2.80
296		43.48
297		9.37
298		2.65
299		4.14
300		9.81
301		14.66
302		2.05
303		21.02
304		20.99
305		6.65
306		2.32
307		6.18
308		14.88
309		23.10
310		24.82
311		6.54
312		74.66
313		6.60
314		6.87
315		12.62
316		8.57
317		15.49
318		2.51
319		19.70
320		16.09
321		26.39
322		17.70
323		3.28
324		15.09
325		46.96
326		29.95
327		24.94
328		13.31
329		16.99
330		3.30
331		10.43
332		14.88
333		23.32
334		7.18
335		3.46
336		12.50
337		9.67
338		2.07
339		56.42
340		25.07
341		29.61
342		68.25
343		37.64
344		12.18
345		17.51
346		27.52
347		9.94
348		4.84
349		3.58
350		12.15
351		22.50
352		11.19
353		3.51
354		60.42
355		5.88
356		2.80
357		24.99
358		13.85
359		12.34
360		12.08
361		20.12
362		15.12
363		2.97
364		4.30
365		38.70
366		23.25
367		33.92
368		29.07
369		39.18
370		13.20
371		57.50
372		11.94
373		6.50
374		47.92
375		33.28
376		3.25
377		5.15
378		5.01
379		9.44
380		6.56
381		5.59
382		3.21
383		6.87
384		8.78
385		9.72
386		19.68
387		5.98
388		11.71
389		5.74
390		11.23
391		50.21
392		15.59
393		11.98
394		2.21
395		24.50
396		6.14
397		3.38
398		33.89
399		3.16
400		12.73
401		14.69
402		12.70
403		21.30
404		39.62
405		9.64
406		23.50
407		31.54
408		59.30
409		56.28
410		111.29
411		17.54
412		26.00
413		21.23
414		5.80
415		3.30
416		51.90
417		23.05
418		5.18
419		39.15
420		29.46
421		20.92
422		35.25
423		15.98
424		52.24
425		14.59
426		2.19
427		2.35
428		4.44
429		40.37
430		53.76
431		2.66
432		2.42
433		18.76
434		8.34
435		18.35
436		1.66
437		30.87
438		16.19
439		75.43
440		15.64
441		3.27
442		5.33
443		24.73
444		22.36
445		2.26
446		2.29
447		30.25
448		5.86
449		5.22
450		13.24
451		4.49
452		2.42
453		26.98
454		10.59
455		29.86
456		10.09
457		19.58
458		7.15
459		22.29
460		31.87
461		14.28
462		50.53
463		43.49
464		20.56
465		50.20
466		2.69
467		9.08
468		7.15
469		15.55
470		14.71
471		5.46
472		17.83
473		24.02
474		10.05
475		3.07
476		8.71
477		17.26
478		13.05
479		10.61
480		2.52
481		7.68
482		64.73
483		59.84
484		6.49
485		24.08
486		5.80
487		4.27
488		19.49
489		6.79
490		2.98
491		7.10
492		5.37
493		48.61
494		15.62
495		30.77
496		5.70
497		2.49
498		8.92
499		16.25
500		2.46
501		21.11
502		114.24
503		21.93
504		14.59
505		4.56
506		21.11
507		7.90
508		2.82
509		5.20
510		11.37
511		7.09
512		4.87
513		9.33
514		91.18
515		4.74
516		16.94
517		26.14
518		18.18
519		22.10
520		25.58
521		6.05
522		38.38
523		3.52
524		3.80
525		2.97
526		21.25
527		52.89
528		2.83
529		12.38
530		83.76
531		9.51
532		25.90
533		49.60
534		90.27
535		7.06
536		49.06
537		47.67
538		3.66
539		27.31
540		4.39
541		27.28
542		16.74
543		19.12
544		4.01
545		13.64
546		38.11
547		2.70
548		11.94
549		3.03
550		27.60
551		6.35
552		45.00
553		4.25
554		17.96
555		9.53
556		50.46
557		32.25
558		21.65
559		13.45
560		30.56
561		41.12
562		18.09
563		7.74
564		44.70
565		89.18
566		3.60
567		37.41
568		42.66
569		2.07
570		26.33
571		20.33
572		5.09
573		2.77
574		34.96
575		5.63
576		2.64
577		9.07
578		48.56
579		26.39
580		80.10
581		14.37
582		3.40
583		6.03
584		14.91
585		5.85
586		33.49
587		20.43
588		41.15
589		9.05
590		24.08
591		9.25
592		3.03
593		11.23
594		18.30
595		5.41
596		2.25
597		15.73
598		21.76
599		3.07
600		60.62
601		6.74
602		2.91
603		25.79
604		10.08
605		23.93
606		55.23
607		48.10
608		17.44
609		11.64
610		12.63
611		7.97
612		9.90
613		17.80
614		46.97
615		94.55
616		3.12
617		23.02
618		16.86
619		11.95
620		4.53
621		20.27
622		55.83
623		2.29
624		2.90
625		2.69
626		6.94
627		26.83
628		5.56
629		6.16
630		1.84
631		21.40
632		15.42
633		21.45
634		22.31
635		15.41
636		11.45
637		17.95
638		7.09
639		30.23
640		36.59
641		3.11
642		18.55
643		6.40
644		6.87
645		8.53
646		6.76
647		36.28
648		10.96
649		8.00
650		6.98
651		19.20
652		33.23
653		68.67
654		7.51
655		4.92
656		11.38
657		25.50
658		6.07
659		19.70
660		8.22
661		13.21
662		2.50
663		3.81
664		10.24
665		13.09
666		27.19
667		2.68
668		15.04
669		5.57
670		7.67
671		6.49
672		24.42
673		29.63
674		4.27
675		16.64
676		48.25
677		22.58
678		4.97
679		30.81
680		30.42
681		49.37
682		16.84
683		4.61
684		2.39
685		29.14
686		12.08
687		24.11
688		17.42
689		8.59
690		28.72
691		11.05
692		12.82
693		11.25
694		6.90
695		9.22
696		53.13
697		13.79
698		11.72
699		32.90
700		15.45
701		2.23
702		3.10
703		2.32
704		27.94
705		7.48
706		17.63
707		2.83
708		2.92
709		16.76
710		45.81
711		3.46
712		9.54
713		3.59
714		11.94
715		31.53
716		5.02
717		12.78
718		19.36
719		27.46
720		21.53
721		2.50
722		82.41
723		6.47
724		8.29
725		37.43
726		14.60
727		17.50
728		10.67
729		12.11
730		11.53
731		37.47
732		5.67
733		6.63
734		6.02
735		14.37
736		5.33
737		4.85
738		8.28
739		27.43
740		24.47
741		27.63
742		2.99
743		1.83
744		15.60
745		5.18
746		13.25
747		28.58
748		20.17
749		12.94
750		7.58
751		5.11
752		7.30
753		15.18
754		18.30
755		18.65
756		10.43
757		3.03
758		2.65
759		11.59
760		57.43
761		8.35
762		5.87
763		68.80
764		23.33
765		13.59
766		36.77
767		9.89
768		9.89
769		2.92
770		14.78
771		9.27
772		2.37
773		40.80
774		17.24
775		8.91
776		19.47
777		53.36
778		21.89
779		17.95
780		29.32
781		7.52
782		2.61
783		25.85
784		13.46
785		56.76
786		5.77
787		13.45
788		2.29
789		13.20
790		43.78
791		15.74
792		9.74
793		6.17
794		3.02
795		12.75
796		2.04
797		48.82
798		10.55
799		6.20
800		18.76
801		10.44
802		28.89
803		3.57
804		9.34
805		19.12
806		13.23
807		19.18
808		1.86
809		18.78
810		12.16
811		27.15
812		83.78
813		6.24
814		11.72
815		3.41
816		5.75
817		6.82
818		7.39
819		3.14
820		1.42
821		1.04
822		5.10
823		3.04
824		2.18
825		3.07
826		2.11
827		2.64
828		4.38
829		4.38
830		1.10
831		4.00
832		4.29
833		0.84
834		3.24
835		1.31
836		0.93
837		1.24
838		8.26
839		2.03
840		2.40
841		1.41
842		4.94
843		8.15
844		6.45
845		1.23
846		5.46
847		16.83
848		6.65
849		9.08
850		3.97
851		9.09
852		11.87
853		3.96
854		7.84
855		7.72
856		11.81
857		9.98
858		1.06
859		3.51
860		5.22
861		1.13
862		1.26
863		7.99
864		2.65
865		1.23
866		3.97
867		2.63
868		1.16
869		4.03
870		58.48
871		0.66
872		3.84
873		3.46
874		3.48
875		3.22
876		3.84
877		2.60
878		1.06
879		2.28
880		4.27
881		2.79
882		0.71
883		1.31
884		1.85
885		4.06
886		5.18
887		6.63
888		19.65
889		2.24
890		4.56
891		3.94
892		1.17
893		1.31
894		5.32
895		4.04
896		3.79
897		1.08
898		7.29
899		10.10
900		3.40
901		1.09
902		3.05
903		3.57
904		4.32
905		4.48
906		1.20
907		3.70
908		1.37
909		1.64
910		3.12
911		4.84
912		8.23
913		1.47
914		1.30
915		1.72
916		2.25
917		1.38
918		3.18
919		3.16
920		4.34
921		8.24
922		2.32
923		4.09
924		5.85
925		1.29
926		3.07
927		2.03
928		3.53
929		3.05
930		2.71
931		4.13
932		3.04
933		3.90
934		3.10
935		3.17
936		4.53
937		2.73
938		1.12
939		2.26
940		1.02
941		3.89
942		4.01
943		1.48
944		1.59
945		7.14
946		1.47
947		3.13
948		8.36
949		3.26
950		3.01
951		0.91
952		10.00
953		2.63
954		10.62
955		3.55
956		1.01
957		1.60
958		1.90
959		1.18
960		1.59
961		1.50
962		7.12
963		5.01
964		2.59
965		4.90
966		3.04
967		8.65
968		9.46
969		5.05
970		6.73
971		15.42
972		1.60
973		2.28
974		1.26
975		6.53
976		2.71
977		3.18
978		1.53
979		1.49
980		1.23
981		9.29
982		1.18
983		1.81
984		1.80
985		1.12
986		5.13
987		3.07
988		0.91
989		0.94
990		3.20
991		2.32
992		2.74
993		1.21
994		1.90
995		3.74
996		2.41
997		3.39
998		3.07
999		3.30
1000		1.30

18884.83
