iter		Latency
1		6.20
2		6.03
3		8.94
4		7.42
5		2.62
6		3.24
7		4.37
8		3.64
9		14.04
10		6.48
11		2.40
12		2.11
13		1.98
14		1.90
15		3.52
16		4.78
17		5.97
18		10.14
19		20.88
20		3.11
21		4.87
22		3.40
23		2.34
24		5.97
25		3.44
26		11.76
27		2.92
28		2.45
29		9.95
30		3.64
31		13.29
32		10.32
33		12.84
34		5.68
35		6.68
36		18.84
37		14.73
38		6.00
39		2.36
40		13.02
41		3.03
42		40.28
43		18.58
44		3.43
45		6.78
46		2.95
47		34.43
48		33.69
49		4.18
50		7.80
51		33.63
52		5.59
53		7.98
54		5.91
55		35.72
56		10.24
57		3.46
58		13.86
59		2.20
60		17.41
61		2.92
62		2.17
63		2.31
64		9.30
65		10.51
66		4.24
67		21.07
68		9.97
69		8.84
70		5.07
71		2.57
72		2.98
73		1.84
74		17.34
75		42.41
76		18.72
77		4.32
78		3.38
79		29.49
80		4.00
81		12.91
82		6.71
83		21.75
84		48.23
85		5.95
86		8.64
87		3.44
88		6.06
89		7.48
90		23.50
91		12.40
92		15.84
93		6.86
94		7.50
95		20.55
96		8.70
97		14.40
98		3.76
99		20.22
100		3.05
101		6.26
102		5.76
103		23.84
104		4.64
105		2.67
106		2.79
107		14.83
108		2.11
109		6.24
110		22.46
111		51.76
112		5.45
113		2.33
114		31.08
115		5.17
116		6.39
117		4.28
118		10.15
119		8.39
120		2.05
121		3.44
122		26.70
123		1.74
124		3.40
125		17.90
126		11.95
127		3.69
128		2.56
129		50.89
130		5.41
131		2.51
132		17.12
133		11.21
134		9.50
135		45.83
136		5.50
137		23.11
138		13.35
139		3.28
140		12.90
141		5.04
142		12.68
143		11.84
144		10.52
145		16.02
146		5.74
147		20.60
148		10.51
149		13.33
150		3.84
151		15.16
152		29.57
153		6.75
154		26.80
155		12.20
156		26.14
157		63.47
158		15.53
159		10.98
160		13.53
161		23.63
162		3.22
163		9.77
164		3.17
165		2.84
166		27.89
167		14.71
168		14.02
169		6.13
170		3.28
171		1.80
172		3.19
173		2.18
174		20.92
175		12.94
176		6.22
177		5.43
178		5.77
179		8.00
180		22.61
181		2.26
182		17.03
183		2.56
184		18.08
185		6.58
186		30.77
187		45.26
188		9.44
189		3.12
190		14.94
191		13.99
192		5.86
193		5.21
194		14.63
195		6.56
196		2.74
197		17.28
198		18.46
199		3.59
200		4.58
201		32.26
202		3.68
203		24.82
204		3.62
205		12.47
206		24.32
207		2.47
208		3.13
209		24.38
210		48.29
211		13.11
212		2.60
213		4.04
214		2.35
215		2.49
216		18.25
217		7.69
218		9.04
219		2.18
220		2.14
221		6.52
222		5.77
223		43.48
224		14.02
225		18.51
226		19.25
227		11.72
228		13.21
229		16.43
230		14.93
231		27.99
232		10.14
233		22.36
234		9.94
235		11.49
236		5.46
237		3.19
238		2.31
239		9.83
240		5.87
241		2.67
242		14.08
243		1.36
244		14.40
245		30.48
246		9.44
247		2.99
248		18.27
249		2.84
250		2.16
251		5.94
252		11.24
253		48.80
254		8.61
255		6.70
256		9.13
257		10.00
258		11.84
259		18.20
260		43.50
261		10.19
262		2.72
263		19.85
264		2.86
265		5.86
266		25.88
267		12.24
268		12.36
269		10.78
270		6.50
271		6.47
272		6.69
273		29.88
274		18.25
275		3.11
276		6.49
277		7.20
278		24.70
279		17.26
280		8.53
281		13.19
282		10.11
283		20.82
284		2.69
285		31.70
286		19.37
287		12.26
288		20.22
289		2.69
290		25.79
291		2.86
292		14.03
293		8.30
294		2.20
295		5.57
296		3.68
297		2.46
298		3.36
299		14.74
300		2.44
301		10.77
302		20.36
303		1.81
304		20.98
305		7.07
306		33.80
307		4.15
308		7.53
309		2.04
310		10.74
311		9.25
312		9.35
313		2.74
314		22.35
315		75.82
316		12.81
317		6.61
318		33.50
319		22.10
320		3.01
321		20.57
322		33.17
323		11.56
324		20.32
325		6.92
326		8.80
327		5.72
328		15.63
329		6.86
330		5.29
331		51.58
332		2.26
333		1.86
334		27.47
335		55.42
336		27.64
337		36.14
338		21.09
339		23.15
340		30.25
341		19.98
342		5.28
343		26.62
344		6.33
345		2.14
346		2.51
347		5.98
348		23.78
349		9.04
350		70.57
351		6.23
352		6.46
353		1.61
354		7.09
355		2.91
356		24.26
357		3.29
358		2.60
359		17.91
360		2.01
361		2.87
362		50.45
363		1.30
364		15.01
365		2.37
366		8.01
367		6.46
368		11.53
369		1.87
370		32.99
371		1.83
372		5.88
373		3.80
374		17.03
375		7.42
376		57.23
377		26.98
378		43.04
379		13.44
380		22.80
381		10.20
382		3.14
383		2.90
384		12.11
385		4.46
386		17.38
387		17.20
388		6.64
389		23.00
390		12.44
391		7.93
392		2.29
393		35.53
394		3.12
395		8.11
396		2.48
397		4.64
398		6.76
399		16.29
400		7.28
401		31.22
402		2.43
403		1.67
404		6.51
405		3.24
406		12.62
407		1.76
408		11.54
409		2.75
410		2.00
411		15.55
412		1.90
413		14.15
414		4.77
415		7.17
416		7.15
417		14.47
418		2.71
419		1.92
420		20.45
421		9.29
422		9.30
423		14.69
424		12.77
425		5.64
426		4.15
427		19.22
428		9.26
429		8.16
430		32.85
431		11.47
432		3.12
433		6.37
434		13.27
435		5.21
436		16.99
437		4.60
438		10.22
439		12.97
440		4.13
441		8.09
442		11.86
443		8.55
444		1.77
445		3.45
446		1.95
447		4.19
448		2.52
449		4.93
450		10.47
451		14.13
452		9.86
453		6.72
454		2.23
455		6.29
456		5.80
457		28.82
458		10.17
459		3.04
460		5.38
461		2.85
462		11.14
463		11.71
464		23.46
465		4.39
466		7.47
467		4.76
468		28.53
469		13.18
470		12.47
471		5.29
472		9.81
473		13.92
474		6.09
475		4.79
476		2.56
477		3.13
478		33.87
479		6.31
480		13.81
481		8.03
482		8.34
483		16.84
484		21.99
485		23.54
486		7.78
487		37.55
488		5.26
489		17.06
490		3.14
491		21.68
492		17.13
493		30.86
494		12.73
495		11.80
496		2.29
497		48.46
498		5.13
499		3.47
500		16.39
501		2.83
502		5.07
503		6.73
504		17.06
505		6.12
506		38.43
507		2.44
508		7.52
509		3.30
510		9.77
511		2.47
512		21.99
513		19.16
514		12.20
515		7.02
516		3.54
517		2.53
518		2.72
519		11.08
520		10.52
521		18.39
522		16.96
523		93.53
524		8.07
525		2.39
526		1.80
527		36.10
528		10.66
529		2.15
530		16.05
531		2.56
532		2.38
533		2.66
534		3.23
535		19.16
536		9.41
537		22.85
538		3.49
539		2.43
540		6.99
541		2.62
542		5.18
543		19.89
544		46.01
545		5.69
546		6.01
547		46.94
548		17.69
549		7.20
550		11.61
551		3.40
552		5.58
553		27.42
554		9.77
555		14.12
556		2.41
557		6.60
558		5.30
559		3.09
560		16.99
561		23.27
562		8.11
563		7.28
564		14.33
565		45.71
566		11.54
567		5.11
568		4.65
569		11.48
570		2.16
571		13.42
572		4.89
573		3.25
574		50.04
575		6.08
576		8.13
577		2.95
578		2.26
579		10.40
580		6.38
581		5.91
582		7.81
583		9.11
584		33.30
585		2.92
586		21.99
587		2.29
588		9.12
589		14.48
590		28.06
591		7.16
592		14.81
593		2.80
594		2.47
595		12.38
596		4.10
597		2.00
598		22.52
599		6.75
600		4.73
601		5.06
602		2.11
603		2.37
604		1.73
605		3.39
606		5.30
607		5.18
608		10.08
609		14.26
610		3.19
611		4.97
612		10.84
613		3.33
614		34.88
615		23.99
616		46.22
617		14.42
618		8.82
619		2.48
620		12.16
621		2.56
622		6.33
623		9.71
624		2.35
625		4.88
626		24.12
627		3.98
628		5.01
629		8.83
630		1.74
631		2.70
632		2.35
633		1.86
634		47.32
635		17.43
636		10.41
637		9.13
638		13.67
639		14.64
640		37.92
641		8.37
642		27.18
643		20.76
644		5.66
645		3.28
646		5.62
647		2.52
648		2.34
649		6.59
650		52.48
651		3.61
652		2.10
653		5.14
654		27.78
655		14.06
656		4.46
657		2.82
658		8.16
659		8.97
660		5.24
661		3.01
662		6.18
663		11.17
664		6.74
665		3.96
666		12.90
667		10.21
668		11.49
669		2.02
670		2.44
671		1.77
672		13.42
673		7.01
674		8.73
675		2.89
676		2.42
677		2.83
678		3.63
679		12.85
680		2.53
681		5.50
682		2.80
683		1.89
684		26.98
685		3.97
686		6.44
687		5.67
688		14.05
689		10.40
690		22.35
691		6.28
692		8.97
693		26.20
694		7.18
695		11.36
696		26.14
697		6.67
698		8.04
699		6.74
700		8.57
701		5.75
702		8.42
703		4.24
704		4.54
705		2.23
706		2.55
707		2.54
708		15.52
709		2.57
710		12.27
711		12.27
712		2.60
713		5.63
714		9.75
715		8.73
716		7.53
717		15.89
718		2.40
719		1.65
720		2.51
721		29.08
722		2.21
723		7.87
724		12.96
725		2.35
726		3.15
727		3.02
728		3.78
729		17.36
730		11.25
731		3.51
732		2.41
733		3.57
734		5.57
735		9.06
736		3.43
737		2.09
738		2.06
739		14.80
740		3.03
741		8.35
742		5.58
743		30.58
744		23.71
745		8.55
746		20.67
747		28.28
748		24.00
749		10.16
750		2.34
751		1.95
752		2.38
753		4.77
754		9.25
755		2.13
756		19.23
757		6.01
758		8.02
759		3.26
760		2.09
761		2.57
762		11.31
763		5.92
764		6.65
765		15.04
766		7.71
767		3.17
768		5.65
769		7.73
770		31.74
771		5.84
772		8.47
773		5.33
774		5.30
775		3.08
776		2.49
777		5.19
778		23.32
779		2.48
780		8.91
781		13.41
782		18.17
783		1.87
784		3.53
785		1.34
786		2.59
787		6.10
788		2.28
789		5.20
790		16.21
791		16.38
792		11.49
793		6.18
794		2.92
795		1.73
796		2.00
797		1.60
798		11.17
799		2.29
800		3.22
801		2.10
802		4.46
803		8.60
804		9.95
805		10.70
806		3.50
807		12.48
808		23.93
809		15.67
810		3.25
811		2.81
812		6.07
813		19.57
814		5.96
815		11.87
816		2.12
817		2.61
818		2.15
819		12.55
820		5.92
821		4.63
822		3.07
823		2.31
824		7.24
825		12.85
826		29.79
827		2.32
828		13.14
829		3.58
830		3.06
831		23.64
832		3.08
833		9.67
834		13.06
835		18.46
836		18.44
837		11.43
838		12.90
839		2.32
840		17.17
841		5.68
842		4.55
843		2.92
844		2.60
845		5.11
846		6.05
847		26.68
848		5.28
849		22.31
850		34.32
851		5.70
852		5.32
853		4.79
854		1.84
855		2.23
856		2.80
857		2.79
858		9.36
859		17.74
860		1.23
861		30.67
862		4.61
863		4.55
864		2.45
865		2.83
866		2.32
867		15.81
868		6.03
869		8.65
870		31.56
871		16.04
872		2.32
873		10.39
874		2.26
875		2.04
876		4.55
877		2.62
878		2.33
879		3.02
880		18.11
881		27.18
882		16.30
883		19.18
884		2.22
885		6.38
886		5.84
887		6.28
888		6.28
889		7.86
890		5.56
891		5.85
892		5.53
893		5.97
894		12.73
895		36.01
896		5.42
897		2.33
898		2.77
899		1.79
900		1.80
901		4.74
902		9.61
903		18.20
904		8.63
905		35.50
906		18.58
907		2.62
908		4.46
909		42.24
910		6.27
911		2.78
912		20.30
913		4.97
914		8.20
915		2.17
916		2.44
917		2.07
918		2.23
919		2.02
920		1.70
921		19.96
922		24.84
923		8.42
924		2.13
925		2.23
926		1.99
927		26.22
928		11.93
929		2.45
930		19.62
931		16.57
932		31.27
933		3.65
934		2.92
935		6.99
936		14.16
937		23.05
938		5.98
939		10.27
940		10.08
941		7.27
942		6.20
943		7.72
944		12.34
945		16.98
946		3.88
947		14.16
948		3.00
949		3.44
950		13.16
951		27.17
952		7.62
953		3.45
954		2.71
955		1.85
956		2.21
957		2.07
958		2.00
959		10.22
960		9.42
961		4.23
962		5.49
963		9.11
964		2.91
965		7.45
966		2.56
967		9.58
968		9.52
969		3.38
970		2.78
971		6.55
972		9.61
973		7.15
974		2.15
975		1.85
976		4.20
977		2.97
978		1.62
979		5.08
980		6.35
981		9.64
982		3.22
983		2.48
984		2.59
985		1.88
986		10.98
987		5.32
988		2.26
989		2.66
990		14.41
991		1.63
992		2.03
993		1.83
994		8.65
995		2.40
996		2.30
997		2.31
998		17.21
999		14.67
1000		1.81

10990.46
